 9.97772454e-01 -1.44669498e-02  6.51217104e-02  1.59040800e+03   0.00000000e+00  9.76201475e-01  2.16865583e-01  1.09117536e+02  -6.67092932e-02 -2.16382505e-01  9.74026941e-01  1.39984556e+03
 9.97754609e-01 -1.45428354e-02  6.53777264e-02  1.59041014e+03   0.00000000e+00  9.76141345e-01  2.17136075e-01  1.09148474e+02  -6.69756759e-02 -2.16648519e-01  9.73949525e-01  1.39997034e+03
 9.97707085e-01 -1.47453780e-02  6.60541133e-02  1.59041506e+03   0.00000000e+00  9.75977953e-01  2.17869306e-01  1.09237495e+02  -6.76799236e-02 -2.17369750e-01  9.73740119e-01  1.40032696e+03
 9.97629871e-01 -1.50723286e-02  6.71376565e-02  1.59042374e+03   0.00000000e+00  9.75714358e-01  2.19046780e-01  1.09382002e+02  -6.88087205e-02 -2.18527611e-01  9.73401789e-01  1.40090723e+03
 9.97522460e-01 -1.55224353e-02  6.86148361e-02  1.59043717e+03   0.00000000e+00  9.75353081e-01  2.20649877e-01  1.09579395e+02  -7.03487152e-02 -2.20103208e-01  9.72936604e-01  1.40170294e+03
 9.97383907e-01 -1.60953075e-02  7.04718546e-02  1.59045633e+03   0.00000000e+00  9.74896191e-01  2.22659869e-01  1.09827078e+02  -7.22865217e-02 -2.22077370e-01  9.72345772e-01  1.40270589e+03
 9.97212886e-01 -1.67912845e-02  7.26946611e-02  1.59048221e+03   0.00000000e+00  9.74345383e-01  2.25057937e-01  1.10122452e+02  -7.46087193e-02 -2.24430675e-01  9.71629771e-01  1.40390789e+03
 9.97007735e-01 -1.76113085e-02  7.52689726e-02  1.59051580e+03   0.00000000e+00  9.73702053e-01  2.27825179e-01  1.10462920e+02  -7.73018527e-02 -2.27143466e-01  9.70788478e-01  1.40530073e+03
 9.96766516e-01 -1.85568015e-02  7.81802939e-02  1.59055808e+03   0.00000000e+00  9.72967370e-01  2.30942626e-01  1.10845883e+02  -8.03524314e-02 -2.30195877e-01  9.69821295e-01  1.40687621e+03
 9.96487056e-01 -1.96295474e-02  8.14139363e-02  1.59061003e+03   0.00000000e+00  9.72142347e-01  2.34391249e-01  1.11268744e+02  -8.37469292e-02 -2.33567846e-01  9.68727265e-01  1.40862614e+03
 9.96166998e-01 -2.08315780e-02  8.49550362e-02  1.59067265e+03   0.00000000e+00  9.71227901e-01  2.38151976e-01  1.11728904e+02  -8.74717829e-02 -2.37239139e-01  9.67505182e-01  1.41054232e+03
 9.95803846e-01 -2.21650651e-02  8.87885739e-02  1.59074691e+03   0.00000000e+00  9.70224922e-01  2.42205698e-01  1.12223767e+02  -9.15133923e-02 -2.41189366e-01  9.66153709e-01  1.41261655e+03
 9.95395007e-01 -2.36322170e-02  9.28993939e-02  1.59083381e+03   0.00000000e+00  9.69134325e-01  2.46533284e-01  1.12750733e+02  -9.58581195e-02 -2.45398000e-01  9.64671469e-01  1.41484063e+03
 9.94937837e-01 -2.52351804e-02  9.72722254e-02  1.59093433e+03   0.00000000e+00  9.67957107e-01  2.51115589e-01  1.13307206e+02  -1.00492289e-01 -2.49844401e-01  9.63057150e-01  1.41720635e+03
 9.94429675e-01 -2.69759476e-02  1.01891705e-01  1.59104945e+03   0.00000000e+00  9.66694399e-01  2.55933468e-01  1.13890587e+02  -1.05402188e-01 -2.54507835e-01  9.61309597e-01  1.41970552e+03
 9.93867886e-01 -2.88562697e-02  1.06742402e-01  1.59118016e+03   0.00000000e+00  9.65347510e-01  2.60967784e-01  1.14498278e+02  -1.10574069e-01 -2.59367500e-01  9.59427890e-01  1.42232995e+03
 9.93249897e-01 -3.08775753e-02  1.11808843e-01  1.59132745e+03   0.00000000e+00  9.63917976e-01  2.66199427e-01  1.15127682e+02  -1.15994147e-01 -2.64402553e-01  9.57411431e-01  1.42507143e+03
 9.92573230e-01 -3.30408946e-02  1.17075543e-01  1.59149230e+03   0.00000000e+00  9.62407595e-01  2.71609316e-01  1.15776200e+02  -1.21648606e-01 -2.69592136e-01  9.55260015e-01  1.42792176e+03
 9.91835536e-01 -3.53467902e-02  1.22527031e-01  1.59167570e+03   0.00000000e+00  9.60818466e-01  2.77178419e-01  1.16441234e+02  -1.27523601e-01 -2.74915406e-01  9.52973898e-01  1.43087274e+03
 9.91034628e-01 -3.77952932e-02  1.28147889e-01  1.59187863e+03   0.00000000e+00  9.59153019e-01  2.82887763e-01  1.17120187e+02  -1.33605260e-01 -2.80351569e-01  9.50553855e-01  1.43391618e+03
 9.90168507e-01 -4.03858462e-02  1.33922779e-01  1.59210208e+03   0.00000000e+00  9.57414048e-01  2.88718446e-01  1.17810462e+02  -1.39879688e-01 -2.85879912e-01  9.48001239e-01  1.43704387e+03
 9.89235392e-01 -4.31172515e-02  1.39836482e-01  1.59234703e+03   0.00000000e+00  9.55604734e-01  2.94651647e-01  1.18509459e+02  -1.46332973e-01 -2.91479837e-01  9.45318023e-01  1.44024761e+03
 9.88233744e-01 -4.59876269e-02  1.45873935e-01  1.59261448e+03   0.00000000e+00  9.53728665e-01  3.00668643e-01  1.19214580e+02  -1.52951191e-01 -2.97130899e-01  9.42506850e-01  1.44351922e+03
 9.87162292e-01 -4.89943663e-02  1.52020267e-01  1.59290540e+03   0.00000000e+00  9.51789859e-01  3.06750817e-01  1.19923230e+02  -1.59720410e-01 -3.02812840e-01  9.39571059e-01  1.44685048e+03
 9.86020052e-01 -5.21341073e-02  1.58260836e-01  1.59322078e+03   0.00000000e+00  9.49792773e-01  3.12879671e-01  1.20632808e+02  -1.66626701e-01 -3.08505629e-01  9.36514719e-01  1.45023319e+03
 9.84806349e-01 -5.54027055e-02  1.64581272e-01  1.59356161e+03   0.00000000e+00  9.47742316e-01  3.19036836e-01  1.21340717e+02  -1.73656140e-01 -3.14189502e-01  9.33342650e-01  1.45365917e+03
 9.83520835e-01 -5.87952135e-02  1.70967510e-01  1.59392887e+03   0.00000000e+00  9.45643856e-01  3.25204085e-01  1.22044360e+02  -1.80794819e-01 -3.19844993e-01  9.30060436e-01  1.45712021e+03
 9.82163505e-01 -6.23058675e-02  1.77405828e-01  1.59432355e+03   0.00000000e+00  9.43503227e-01  3.31363336e-01  1.22741139e+02  -1.88028851e-01 -3.25452976e-01  9.26674437e-01  1.46060810e+03
 9.80734710e-01 -6.59280787e-02  1.83882888e-01  1.59474664e+03   0.00000000e+00  9.41326722e-01  3.37496669e-01  1.23428455e+02  -1.95344383e-01 -3.30994698e-01  9.23191790e-01  1.46411466e+03
 9.79235171e-01 -6.96544311e-02  1.90385765e-01  1.59519911e+03   0.00000000e+00  9.39121098e-01  3.43586327e-01  1.24103710e+02  -2.02727599e-01 -3.36451815e-01  9.19620409e-01  1.46763168e+03
 9.77665989e-01 -7.34766843e-02  1.96901984e-01  1.59568196e+03   0.00000000e+00  9.36893561e-01  3.49614723e-01  1.24764308e+02  -2.10164731e-01 -3.41806424e-01  9.15968970e-01  1.47115096e+03
 9.76028652e-01 -7.73857824e-02  2.03419545e-01  1.59619617e+03   0.00000000e+00  9.34651766e-01  3.55564448e-01  1.25407649e+02  -2.17642070e-01 -3.47041089e-01  9.12246903e-01  1.47466430e+03
 9.74325044e-01 -8.13718668e-02  2.09926957e-01  1.59674273e+03   0.00000000e+00  9.32403794e-01  3.61418269e-01  1.26031137e+02  -2.25145970e-01 -3.52138871e-01  9.08464368e-01  1.47816351e+03
 9.72557449e-01 -8.54242953e-02  2.16413256e-01  1.59732262e+03   0.00000000e+00  9.30158142e-01  3.67159135e-01  1.26632172e+02  -2.32662862e-01 -3.57083352e-01  9.04632230e-01  1.48164038e+03
 9.70728553e-01 -8.95316642e-02  2.22868027e-01  1.59793683e+03   0.00000000e+00  9.27923702e-01  3.72770174e-01  1.27208158e+02  -2.40179259e-01 -3.61858651e-01  9.00762033e-01  1.48508672e+03
 9.68841444e-01 -9.36818355e-02  2.29281423e-01  1.59858634e+03   0.00000000e+00  9.25709739e-01  3.78234688e-01  1.27756496e+02  -2.47681766e-01 -3.66449442e-01  8.96865960e-01  1.48849432e+03
 9.66899613e-01 -9.78619677e-02  2.35644167e-01  1.59927214e+03   0.00000000e+00  9.23525862e-01  3.83536156e-01  1.28274588e+02  -2.55157085e-01 -3.70840961e-01  8.92956798e-01  1.49185500e+03
 9.64906952e-01 -1.02058550e-01  2.41947569e-01  1.59999521e+03   0.00000000e+00  9.21382000e-01  3.88658218e-01  1.28759837e+02  -2.62592029e-01 -3.75019017e-01  8.89047897e-01  1.49516053e+03
 9.62867747e-01 -1.06257441e-01  2.48183519e-01  1.60075655e+03   0.00000000e+00  9.19288369e-01  3.93584673e-01  1.29209644e+02  -2.69973522e-01 -3.78969988e-01  8.85153120e-01  1.49840274e+03
 9.60786671e-01 -1.10443904e-01  2.54344483e-01  1.60155713e+03   0.00000000e+00  9.17255437e-01  3.98299465e-01  1.29621412e+02  -2.77288608e-01 -3.82680817e-01  8.81286798e-01  1.50157342e+03
 9.58668781e-01 -1.14602659e-01  2.60423498e-01  1.60239795e+03   0.00000000e+00  9.15293887e-01  4.02786668e-01  1.29992543e+02  -2.84524459e-01 -3.86139004e-01  8.77463676e-01  1.50466437e+03
 9.56519503e-01 -1.18717916e-01  2.66414145e-01  1.60327998e+03   0.00000000e+00  9.13414580e-01  4.07030471e-01  1.30320439e+02  -2.91668374e-01 -3.89332584e-01  8.73698860e-01  1.50766739e+03
 9.54344621e-01 -1.22773431e-01  2.72310537e-01  1.60420422e+03   0.00000000e+00  9.11628508e-01  4.11015162e-01  1.30602502e+02  -2.98707790e-01 -3.92250109e-01  8.70007763e-01  1.51057428e+03
 9.52150267e-01 -1.26752549e-01  2.78107280e-01  1.60517165e+03   0.00000000e+00  9.09946751e-01  4.14725102e-01  1.30836134e+02  -3.05630280e-01 -3.94880617e-01  8.66406043e-01  1.51337684e+03
 9.49942905e-01 -1.30638256e-01  2.83799444e-01  1.60618325e+03   0.00000000e+00  9.08380430e-01  4.18144706e-01  1.31018737e+02  -3.12423556e-01 -3.97213596e-01  8.62909544e-01  1.51606687e+03
 9.47729310e-01 -1.34413226e-01  2.89382514e-01  1.60724001e+03   0.00000000e+00  9.06940653e-01  4.21258414e-01  1.31147713e+02  -3.19075469e-01 -3.99238946e-01  8.59534240e-01  1.51863618e+03
 9.45516559e-01 -1.38059877e-01  2.94852349e-01  1.60834291e+03   0.00000000e+00  9.05638467e-01  4.24050666e-01  1.31220465e+02  -3.25574012e-01 -4.00946926e-01  8.56296167e-01  1.52107657e+03
 9.43312003e-01 -1.41560417e-01  3.00205118e-01  1.60949295e+03   0.00000000e+00  9.04484794e-01  4.26505869e-01  1.31234394e+02  -3.31907313e-01 -4.02328106e-01  8.53211363e-01  1.52337983e+03
 9.41123253e-01 -1.44896904e-01  3.05437244e-01  1.61069111e+03   0.00000000e+00  9.03490380e-01  4.28608368e-01  1.31186903e+02  -3.38063637e-01 -4.03373301e-01  8.50295806e-01  1.52553776e+03
 9.38958152e-01 -1.48051292e-01  3.10545334e-01  1.61193836e+03   0.00000000e+00  9.02665726e-01  4.30342407e-01  1.31075393e+02  -3.44031379e-01 -4.04073511e-01  8.47565342e-01  1.52754218e+03
 9.36824754e-01 -1.51005489e-01  3.15526104e-01  1.61323571e+03   0.00000000e+00  9.02021026e-01  4.31692099e-01  1.30897267e+02  -3.49799056e-01 -4.04419844e-01  8.45035626e-01  1.52938487e+03
 9.33521802e-01 -1.55283853e-01  3.23146980e-01  1.61488456e+03   0.00000000e+00  9.01334396e-01  4.33123893e-01  1.30592838e+02  -3.58520635e-01 -4.04330597e-01  8.41415309e-01  1.53141838e+03
 9.30013827e-01 -1.59486029e-01  3.31117031e-01  1.61667098e+03   0.00000000e+00  9.00938583e-01  4.33946621e-01  1.30188820e+02  -3.67524532e-01 -4.03576358e-01  8.37885339e-01  1.53332463e+03
 9.26299646e-01 -1.63594668e-01  3.39419727e-01  1.61858935e+03   0.00000000e+00  9.00824874e-01  4.34182620e-01  1.29689217e+02  -3.76787694e-01 -4.02183207e-01  8.34433761e-01  1.53510873e+03
 9.22378604e-01 -1.67592061e-01  3.48038233e-01  1.62063403e+03   0.00000000e+00  9.00983357e-01  4.33853650e-01  1.29098030e+02  -3.86287083e-01 -4.00177324e-01  8.31047772e-01  1.53677577e+03
 9.18250638e-01 -1.71460334e-01  3.56955347e-01  1.62279939e+03   0.00000000e+00  9.01403064e-01  4.32980965e-01  1.28419260e+02  -3.95999704e-01 -3.97585047e-01  8.27713939e-01  1.53833086e+03
 9.13916326e-01 -1.75181640e-01  3.66153441e-01  1.62507979e+03   0.00000000e+00  9.02072096e-01  4.31585371e-01  1.27656909e+02  -4.05902636e-01 -3.94432917e-01  8.24418416e-01  1.53977910e+03
 9.09376936e-01 -1.78738342e-01  3.75614422e-01  1.62746960e+03   0.00000000e+00  9.02977754e-01  4.29687300e-01  1.26814980e+02  -4.15973063e-01 -3.90747720e-01  8.21147143e-01  1.54112557e+03
 9.04634469e-01 -1.82113191e-01  3.85319689e-01  1.62996319e+03   0.00000000e+00  9.04106655e-01  4.27306864e-01  1.25897474e+02  -4.26188312e-01 -3.86556518e-01  8.17886044e-01  1.54237539e+03
 8.99691698e-01 -1.85289492e-01  3.95250113e-01  1.63255492e+03   0.00000000e+00  9.05444848e-01  4.24463929e-01  1.24908393e+02  -4.36525885e-01 -3.81886673e-01  8.14621213e-01  1.54353366e+03
 8.94552198e-01 -1.88251266e-01  4.05386020e-01  1.63523916e+03   0.00000000e+00  9.06977921e-01  4.21178170e-01  1.23851738e+02  -4.46963494e-01 -3.76765858e-01  8.11339093e-01  1.54460547e+03
 8.89220374e-01 -1.90983402e-01  4.15707188e-01  1.63801028e+03   0.00000000e+00  9.08691105e-01  4.17469131e-01  1.22731512e+02  -4.57479099e-01 -3.71222056e-01  8.08026645e-01  1.54559592e+03
 8.83701485e-01 -1.93471797e-01  4.26192854e-01  1.64086265e+03   0.00000000e+00  9.10569374e-01  4.13356280e-01  1.21551717e+02  -4.68050943e-01 -3.65283559e-01  8.04671509e-01  1.54651011e+03
 8.78001660e-01 -1.95703494e-01  4.36821735e-01  1.64379062e+03   0.00000000e+00  9.12597537e-01  4.08859066e-01  1.20316353e+02  -4.78657587e-01 -3.58978938e-01  8.01262152e-01  1.54735315e+03
 8.72127908e-01 -1.97666805e-01  4.47572057e-01  1.64678858e+03   0.00000000e+00  9.14760327e-01  4.03996961e-01  1.19029423e+02  -4.89277949e-01 -3.52337024e-01  7.97788010e-01  1.54813013e+03
 8.66088132e-01 -1.99351421e-01  4.58421595e-01  1.64985087e+03   0.00000000e+00  9.17042489e-01  3.98789511e-01  1.17694929e+02  -4.99891336e-01 -3.45386862e-01  7.94239616e-01  1.54884615e+03
 8.59891123e-01 -2.00748522e-01  4.69347725e-01  1.65297188e+03   0.00000000e+00  9.19428858e-01  3.93256373e-01  1.16316873e+02  -5.10477479e-01 -3.38157664e-01  7.90608714e-01  1.54950631e+03
 8.53546565e-01 -2.01850859e-01  4.80327484e-01  1.65614596e+03   0.00000000e+00  9.21904439e-01  3.87417353e-01  1.14899256e+02  -5.21016565e-01 -3.30678751e-01  7.86888367e-01  1.55011572e+03
 8.47065024e-01 -2.02652841e-01  4.91337634e-01  1.65936749e+03   0.00000000e+00  9.24454474e-01  3.81292440e-01  1.13446080e+02  -5.31489271e-01 -3.22979490e-01  7.83073052e-01  1.55067946e+03
 8.40457938e-01 -2.03150600e-01  5.02354743e-01  1.66263083e+03   0.00000000e+00  9.27064517e-01  3.74901830e-01  1.11961347e+02  -5.41876789e-01 -3.15089219e-01  7.79158732e-01  1.55120265e+03
 8.33737603e-01 -2.03342043e-01  5.13355260e-01  1.66593035e+03   0.00000000e+00  9.29720489e-01  3.68265953e-01  1.10449058e+02  -5.52160854e-01 -3.07037173e-01  7.75142932e-01  1.55169038e+03
 8.26917152e-01 -2.03226899e-01  5.24315603e-01  1.66926041e+03   0.00000000e+00  9.32408747e-01  3.61405491e-01  1.08913217e+02  -5.62323772e-01 -2.98852399e-01  7.71024785e-01  1.55214775e+03
 8.20010531e-01 -2.02806741e-01  5.35212252e-01  1.67261538e+03   0.00000000e+00  9.35116130e-01  3.54341393e-01  1.07357823e+02  -5.72348433e-01 -2.90563674e-01  7.66805075e-01  1.55257986e+03
 8.13032477e-01 -2.02085008e-01  5.46021832e-01  1.67598963e+03   0.00000000e+00  9.37830016e-01  3.47094887e-01  1.05786880e+02  -5.82218337e-01 -2.82199416e-01  7.62486261e-01  1.55299181e+03
 8.05998480e-01 -2.01067002e-01  5.56721214e-01  1.67937752e+03   0.00000000e+00  9.40538363e-01  3.39687485e-01  1.04204389e+02  -5.91917604e-01 -2.73787597e-01  7.58072491e-01  1.55338869e+03
 7.98924759e-01 -1.99759882e-01  5.67287598e-01  1.68277342e+03   0.00000000e+00  9.43229751e-01  3.32140988e-01  1.02614351e+02  -6.01430985e-01 -2.65355659e-01  7.53569602e-01  1.55377562e+03
 7.91828216e-01 -1.98172635e-01  5.77698609e-01  1.68617170e+03   0.00000000e+00  9.45893420e-01  3.24477485e-01  1.01020770e+02  -6.10743871e-01 -2.56930428e-01  7.48985099e-01  1.55415769e+03
 7.84726406e-01 -1.96316046e-01  5.87932375e-01  1.68956673e+03   0.00000000e+00  9.48519296e-01  3.16719347e-01  9.94276452e+01  -6.19842293e-01 -2.48538035e-01  7.44328138e-01  1.55454000e+03
 7.77637489e-01 -1.94202647e-01  5.97967614e-01  1.69295286e+03   0.00000000e+00  9.51098021e-01  3.08889226e-01  9.78389800e+01  -6.28712920e-01 -2.40203842e-01  7.39609477e-01  1.55492764e+03
 7.70580190e-01 -1.91846658e-01  6.07783704e-01  1.69632447e+03   0.00000000e+00  9.53620971e-01  3.01010038e-01  9.62587758e+01  -6.37343056e-01 -2.31952372e-01  7.34841429e-01  1.55532573e+03
 7.63573753e-01 -1.89263917e-01  6.17360748e-01  1.69967593e+03   0.00000000e+00  9.56080270e-01  2.93104959e-01  9.46910345e+01  -6.45720623e-01 -2.23807254e-01  7.30037800e-01  1.55573935e+03
 7.56637895e-01 -1.86471802e-01  6.26679634e-01  1.70300159e+03   0.00000000e+00  9.58468800e-01  2.85197403e-01  9.31397578e+01  -6.53834151e-01 -2.15791162e-01  7.25213815e-01  1.55617361e+03
 7.49792753e-01 -1.83489139e-01  6.35722081e-01  1.70629584e+03   0.00000000e+00  9.60780205e-01  2.77311011e-01  9.16089475e+01  -6.61672750e-01 -2.07925786e-01  7.20386035e-01  1.55663361e+03
 7.43058839e-01 -1.80336109e-01  6.44470674e-01  1.70955302e+03   0.00000000e+00  9.63008888e-01  2.69469632e-01  9.01026056e+01  -6.69226091e-01 -2.00231792e-01  7.15572266e-01  1.55712445e+03
 7.36456989e-01 -1.77034136e-01  6.52908890e-01  1.71276752e+03   0.00000000e+00  9.65149999e-01  2.61697304e-01  8.86247336e+01  -6.76484371e-01 -1.92728808e-01  7.10791462e-01  1.55765122e+03
 7.30008306e-01 -1.73605782e-01  6.61021108e-01  1.71593370e+03   0.00000000e+00  9.67199430e-01  2.54018233e-01  8.71793335e+01  -6.83438273e-01 -1.85435420e-01  7.06063617e-01  1.55821903e+03
 7.23734113e-01 -1.70074629e-01  6.68792609e-01  1.71904591e+03   0.00000000e+00  9.69153784e-01  2.46456776e-01  8.57704071e+01  -6.90078932e-01 -1.78369176e-01  7.01409655e-01  1.55883298e+03
 7.17655898e-01 -1.66465151e-01  6.76209557e-01  1.72209854e+03   0.00000000e+00  9.71010357e-01  2.39037417e-01  8.44019562e+01  -6.96397883e-01 -1.71546612e-01  6.96851310e-01  1.55949817e+03
 7.11795257e-01 -1.62802596e-01  6.83258975e-01  1.72508595e+03   0.00000000e+00  9.72767100e-01  2.31784747e-01  8.30779826e+01  -7.02387010e-01 -1.64983284e-01  6.92411008e-01  1.56021969e+03
 7.06173844e-01 -1.59112849e-01  6.89928694e-01  1.72800250e+03   0.00000000e+00  9.74422584e-01  2.24723446e-01  8.18024881e+01  -7.08038489e-01 -1.58693820e-01  6.88111742e-01  1.56100264e+03
 7.00813313e-01 -1.55422308e-01  6.96207301e-01  1.73084256e+03   0.00000000e+00  9.75975955e-01  2.17878260e-01  8.05794744e+01  -7.13344727e-01 -1.52691985e-01  6.83976943e-01  1.56185214e+03
 6.95735265e-01 -1.51757740e-01  7.02084062e-01  1.73360050e+03   0.00000000e+00  9.77426880e-01  2.11273981e-01  7.94129435e+01  -7.18298296e-01 -1.46990759e-01  6.80030349e-01  1.56277326e+03
 6.90961187e-01 -1.48146156e-01  7.07548835e-01  1.73627068e+03   0.00000000e+00  9.78775494e-01  2.04935433e-01  7.83068971e+01  -7.22891857e-01 -1.41602430e-01  6.76295878e-01  1.56377113e+03
 6.86512402e-01 -1.44614664e-01  7.12591973e-01  1.73884747e+03   0.00000000e+00  9.80022337e-01  1.98887451e-01  7.72653371e+01  -7.27118093e-01 -1.36538702e-01  6.72797489e-01  1.56485083e+03
 6.82410006e-01 -1.41190339e-01  7.17204205e-01  1.74132524e+03   0.00000000e+00  9.81168282e-01  1.93154866e-01  7.62922651e+01  -7.30969619e-01 -1.31810813e-01  6.69559053e-01  1.56601746e+03
 6.78674808e-01 -1.37900075e-01  7.21376513e-01  1.74369835e+03   0.00000000e+00  9.82214462e-01  1.87762487e-01  7.53916831e+01  -7.34438905e-01 -1.27429670e-01  6.66604211e-01  1.56727613e+03
 6.75327277e-01 -1.34770453e-01  7.25099989e-01  1.74596118e+03   0.00000000e+00  9.83162187e-01  1.82735092e-01  7.45675929e+01  -7.37518182e-01 -1.23405992e-01  6.63956242e-01  1.56863193e+03
 6.72387470e-01 -1.31827588e-01  7.28365690e-01  1.74810808e+03   0.00000000e+00  9.84012862e-01  1.78097409e-01  7.38239962e+01  -7.40199359e-01 -1.19750466e-01  6.61637918e-01  1.57008997e+03
 6.69874976e-01 -1.29096991e-01  7.31164471e-01  1.75013342e+03   0.00000000e+00  9.84767888e-01  1.73874110e-01  7.31648949e+01  -7.42473917e-01 -1.16473915e-01  6.59671365e-01  1.57165534e+03
 6.67808845e-01 -1.26603416e-01  7.33486824e-01  1.75203157e+03   0.00000000e+00  9.85428568e-01  1.70089793e-01  7.25942907e+01  -7.44332819e-01 -1.13587469e-01  6.58077914e-01  1.57333315e+03
 6.66207522e-01 -1.24370703e-01  7.35322695e-01  1.75379691e+03   0.00000000e+00  9.85995998e-01  1.66768979e-01  7.21161856e+01  -7.45766410e-01 -1.11102748e-01  6.56877950e-01  1.57512848e+03
 6.64589660e-01 -1.21035529e-01  7.37340481e-01  1.75604341e+03   0.00000000e+00  9.86793450e-01  1.61983603e-01  7.15980803e+01  -7.47208528e-01 -1.07652627e-01  6.55812723e-01  1.57772018e+03
 6.64211809e-01 -1.17948422e-01  7.38180765e-01  1.75821079e+03   0.00000000e+00  9.87474105e-01  1.57781154e-01  7.12008102e+01  -7.47544429e-01 -1.04800106e-01  6.55891961e-01  1.58049078e+03
 6.65037226e-01 -1.15115034e-01  7.37884826e-01  1.76029893e+03   0.00000000e+00  9.88048660e-01  1.54142288e-01  7.09201144e+01  -7.46810208e-01 -1.02510360e-01  6.57089141e-01  1.58343322e+03
 6.67024033e-01 -1.12535780e-01  7.36488043e-01  1.76230771e+03   0.00000000e+00  9.88526521e-01  1.51047399e-01  7.07517321e+01  -7.45036200e-01 -1.00752246e-01  6.59370947e-01  1.58654043e+03
 6.70125726e-01 -1.10206444e-01  7.34020470e-01  1.76423704e+03   0.00000000e+00  9.88915913e-01  1.48476658e-01  7.06914025e+01  -7.42247607e-01 -9.94980283e-02  6.62697994e-01  1.58980536e+03
 6.74291642e-01 -1.08118715e-01  7.30507444e-01  1.76608678e+03   0.00000000e+00  9.89223988e-01  1.46410043e-01  7.07348648e+01  -7.38465153e-01 -9.87230684e-02  6.67025467e-01  1.59322095e+03
 6.79467368e-01 -1.06260672e-01  7.25970223e-01  1.76785685e+03   0.00000000e+00  9.89456938e-01  1.44827372e-01  7.08778581e+01  -7.33705728e-01 -9.84054730e-02  6.72303702e-01  1.59678014e+03
 6.85595129e-01 -1.04617222e-01  7.20426648e-01  1.76954711e+03   0.00000000e+00  9.89620088e-01  1.43708322e-01  7.11161216e+01  -7.27983048e-01 -9.85257256e-02  6.78478712e-01  1.60047587e+03
 6.92614142e-01 -1.03170496e-01  7.13891798e-01  1.77115747e+03   0.00000000e+00  9.89717999e-01  1.43032455e-01  7.14453946e+01  -7.21308291e-01 -9.90663013e-02  6.85492683e-01  1.60430108e+03
 7.00460952e-01 -1.01900214e-01  7.06378653e-01  1.77268781e+03   0.00000000e+00  9.89754561e-01  1.42779232e-01  7.18614161e+01  -7.13690728e-01 -1.00011277e-01  6.93284422e-01  1.60824871e+03
 7.09069757e-01 -1.00784034e-01  6.97898745e-01  1.77413802e+03   0.00000000e+00  9.89733084e-01  1.42928030e-01  7.23599255e+01  -7.05138341e-01 -1.01345943e-01  7.01789798e-01  1.61231170e+03
 7.18372730e-01 -9.97978694e-02  6.88462784e-01  1.77550799e+03   0.00000000e+00  9.89656384e-01  1.43458152e-01  7.29366617e+01  -6.95658408e-01 -1.03056424e-01  7.10942159e-01  1.61648299e+03
 7.28300333e-01 -9.89162100e-02  6.78081270e-01  1.77679760e+03   0.00000000e+00  9.89526862e-01  1.44348843e-01  7.35873641e+01  -6.85258072e-01 -1.05129311e-01  7.20672743e-01  1.62075553e+03
 7.38781635e-01 -9.81124227e-02  6.66765062e-01  1.77800675e+03   0.00000000e+00  9.89346586e-01  1.45579299e-01  7.43077718e+01  -6.73944875e-01 -1.07551313e-01  7.30911089e-01  1.62512224e+03
 7.49744643e-01 -9.73590547e-02  6.54525924e-01  1.77913533e+03   0.00000000e+00  9.89117361e-01  1.47128674e-01  7.50936239e+01  -6.61727263e-01 -1.10308935e-01  7.41585442e-01  1.62957608e+03
 7.61116626e-01 -9.66281335e-02  6.41377022e-01  1.78018321e+03   0.00000000e+00  9.88840798e-01  1.48976089e-01  7.59406597e+01  -6.48615048e-01 -1.13388179e-01  7.52623173e-01  1.63410998e+03
 7.72824467e-01 -9.58914663e-02  6.27333380e-01  1.78115031e+03   0.00000000e+00  9.88518384e-01  1.51100643e-01  7.68446184e+01  -6.34619842e-01 -1.16774274e-01  7.63951193e-01  1.63871688e+03
 7.84795005e-01 -9.51209421e-02  6.12412285e-01  1.78203649e+03   0.00000000e+00  9.88151534e-01  1.53481416e-01  7.78012391e+01  -6.19755436e-01 -1.20451449e-01  7.75496388e-01  1.64338972e+03
 7.96955401e-01 -9.42888327e-02  5.96633643e-01  1.78284165e+03   0.00000000e+00  9.87741655e-01  1.56097479e-01  7.88062610e+01  -6.04038151e-01 -1.24402729e-01  7.87186047e-01  1.64812145e+03
 8.09233510e-01 -9.33680952e-02  5.80020280e-01  1.78356568e+03   0.00000000e+00  9.87290192e-01  1.58927899e-01  7.98554232e+01  -5.87487129e-01 -1.28609782e-01  7.98948307e-01  1.65290501e+03
 8.21558252e-01 -9.23326729e-02  5.62598183e-01  1.78420847e+03   0.00000000e+00  9.86798678e-01  1.61951749e-01  8.09444650e+01  -5.70124581e-01 -1.33052796e-01  8.10712597e-01  1.65773333e+03
 8.33860000e-01 -9.11577923e-02  5.44396691e-01  1.78476991e+03   0.00000000e+00  9.86268778e-01  1.65148109e-01  8.20691256e+01  -5.51975996e-01 -1.37710403e-01  8.22410083e-01  1.66259935e+03
 8.46070960e-01 -8.98202540e-02  5.25448620e-01  1.78524988e+03   0.00000000e+00  9.85702324e-01  1.68496081e-01  8.32251441e+01  -5.33070286e-01 -1.42559641e-01  8.33974112e-01  1.66749602e+03
 8.58125561e-01 -8.82987152e-02  5.05790330e-01  1.78564827e+03   0.00000000e+00  9.85101352e-01  1.71974786e-01  8.44082596e+01  -5.13439890e-01 -1.47575960e-01  8.45340650e-01  1.67241627e+03
 8.69960831e-01 -8.65739584e-02  4.85461742e-01  1.78596498e+03   0.00000000e+00  9.84468131e-01  1.75563378e-01  8.56142115e+01  -4.93120830e-01 -1.52733262e-01  8.56448713e-01  1.67735305e+03
 8.81516770e-01 -8.46291457e-02  4.64506289e-01  1.78619989e+03   0.00000000e+00  9.83805188e-01  1.79241045e-01  8.68387388e+01  -4.72152713e-01 -1.58003987e-01  8.67240771e-01  1.68229930e+03
 8.92736715e-01 -8.24500519e-02  4.42970818e-01  1.78635289e+03   0.00000000e+00  9.83115329e-01  1.82987020e-01  8.80775807e+01  -4.50578691e-01 -1.63359231e-01  8.77663150e-01  1.68724795e+03
 9.03567686e-01 -8.00252754e-02  4.20905443e-01  1.78642386e+03   0.00000000e+00  9.82401656e-01  1.86780581e-01  8.93264764e+01  -4.28445372e-01 -1.68768897e-01  8.87666392e-01  1.69219195e+03
 9.13960710e-01 -7.73464223e-02  3.98363341e-01  1.78641271e+03   0.00000000e+00  9.81667579e-01  1.90601060e-01  9.05811652e+01  -4.05802687e-01 -1.74201880e-01  8.97205598e-01  1.69712424e+03
 9.23871127e-01 -7.44082607e-02  3.75400520e-01  1.78631931e+03   0.00000000e+00  9.80916822e-01  1.94427846e-01  9.18373861e+01  -3.82703723e-01 -1.79626274e-01  9.06240731e-01  1.70203776e+03
 9.33258870e-01 -7.12088425e-02  3.52075535e-01  1.78614356e+03   0.00000000e+00  9.80153431e-01  1.98240390e-01  9.30908783e+01  -3.59204512e-01 -1.85009602e-01  9.14736883e-01  1.70692544e+03
 9.42088706e-01 -6.77495902e-02  3.28449179e-01  1.78588535e+03   0.00000000e+00  9.79381767e-01  2.02018205e-01  9.43373811e+01  -3.35363788e-01 -1.90319069e-01  9.22664501e-01  1.71178023e+03
 9.50330454e-01 -6.40353476e-02  3.04584147e-01  1.78554455e+03   0.00000000e+00  9.78606506e-01  2.05740871e-01  9.55726336e+01  -3.11242716e-01 -1.95521816e-01  9.29999565e-01  1.71659508e+03
 9.57959159e-01 -6.00743913e-02  2.80544679e-01  1.78512107e+03   0.00000000e+00  9.77832629e-01  2.09388038e-01  9.67923750e+01  -2.86904600e-01 -2.00585189e-01  9.36723723e-01  1.72136291e+03
 9.64955231e-01 -5.58784046e-02  2.56396190e-01  1.78461479e+03   0.00000000e+00  9.77065404e-01  2.12939420e-01  9.79923444e+01  -2.62414562e-01 -2.05477007e-01  9.42824372e-01  1.72607667e+03
 9.71304540e-01 -5.14624118e-02  2.32204890e-01  1.78402560e+03   0.00000000e+00  9.76310374e-01  2.16374799e-01  9.91682811e+01  -2.37839212e-01 -2.10165825e-01  9.48294698e-01  1.73072930e+03
 9.76998470e-01 -4.68446750e-02  2.08037417e-01  1.78335338e+03   0.00000000e+00  9.75573331e-01  2.19674020e-01  1.00315924e+02  -2.13246314e-01 -2.14621182e-01  9.53133652e-01  1.73531375e+03
 9.82033929e-01 -4.20465529e-02  1.83960456e-01  1.78259803e+03   0.00000000e+00  9.74860292e-01  2.22816988e-01  1.01431013e+02  -1.88704431e-01 -2.18813842e-01  9.57345883e-01  1.73982294e+03
 9.86413316e-01 -3.70923247e-02  1.60040398e-01  1.78175944e+03   0.00000000e+00  9.74177468e-01  2.25783661e-01  1.02509286e+02  -1.64282590e-01 -2.22716010e-01  9.60941626e-01  1.74424983e+03
 9.90144441e-01 -3.20089813e-02  1.36342993e-01  1.78083750e+03   0.00000000e+00  9.73531226e-01  2.28554046e-01  1.03546484e+02  -1.40049943e-01 -2.26301518e-01  9.63936531e-01  1.74858735e+03
 9.93240400e-01 -2.68259846e-02  1.12933053e-01  1.77983209e+03   0.00000000e+00  9.72928058e-01  2.31108187e-01  1.04538345e+02  -1.16075440e-01 -2.29545988e-01  9.66351453e-01  1.75282844e+03
 9.95719415e-01 -2.15750010e-02  8.98741673e-02  1.77874309e+03   0.00000000e+00  9.72374531e-01  2.33426157e-01  1.05480608e+02  -9.24275208e-02 -2.32426956e-01  9.68212200e-01  1.75696604e+03
 9.97604622e-01 -1.62896096e-02  6.72284700e-02  1.77757042e+03   0.00000000e+00  9.71877246e-01  2.35488045e-01  1.06369012e+02  -6.91738286e-02 -2.34923962e-01  9.69549232e-01  1.76099309e+03
 9.98923825e-01 -1.10049905e-02  4.50564374e-02  1.77631394e+03   0.00000000e+00  9.71442780e-01  2.37273944e-01  1.07199297e+02  -4.63809483e-02 -2.37018596e-01  9.70397338e-01  1.76490254e+03
 9.99709211e-01 -5.75759530e-03  2.34167360e-02  1.77497354e+03   0.00000000e+00  9.71077640e-01  2.38763936e-01  1.07967202e+02  -2.41141748e-02 -2.38694506e-01  9.70795261e-01  1.76868733e+03
 9.99997030e-01 -5.84804533e-04  2.36611608e-03  1.77354913e+03   0.00000000e+00  9.70788195e-01  2.39938075e-01  1.08668466e+02  -2.43731443e-03 -2.39937363e-01  9.70785312e-01  1.77234038e+03
 9.99827238e-01  4.47542531e-03 -1.80406451e-02  1.77204058e+03   0.00000000e+00  9.70580620e-01  2.40776371e-01  1.09298828e+02   1.85874772e-02 -2.40734774e-01  9.70412940e-01  1.77585466e+03
 9.99243116e-01  9.38492227e-03 -3.77507494e-02  1.77044779e+03   0.00000000e+00  9.70460821e-01  2.41258770e-01  1.09854028e+02   3.88998181e-02 -2.41076165e-01  9.69726295e-01  1.77922308e+03
 9.98290854e-01  1.41056640e-02 -5.67133322e-02  1.76877064e+03   0.00000000e+00  9.70434372e-01  2.41365136e-01  1.10329804e+02   5.84411825e-02 -2.40952608e-01  9.68775758e-01  1.78243861e+03
 9.97019115e-01  1.86001453e-02 -7.48793670e-02  1.76700903e+03   0.00000000e+00  9.70506431e-01  2.41075230e-01  1.10721896e+02   7.71549416e-02 -2.40356613e-01  9.67613463e-01  1.78549417e+03
 9.95627929e-01  2.24689127e-02 -9.06651830e-02  1.76498727e+03   0.00000000e+00  9.70637669e-01  2.40546287e-01  1.11061297e+02   9.34078554e-02 -2.39494601e-01  9.66393972e-01  1.78853570e+03
 9.93906303e-01  2.64358725e-02 -1.07011244e-01  1.76264375e+03   0.00000000e+00  9.70815265e-01  2.39828524e-01  1.11362582e+02   1.10228225e-01 -2.38367081e-01  9.64899411e-01  1.79154167e+03
 9.91829525e-01  3.04803907e-02 -1.23875500e-01  1.75999344e+03   0.00000000e+00  9.71036779e-01  2.38930059e-01  1.11627039e+02   1.27570348e-01 -2.36977887e-01  9.63102947e-01  1.79451101e+03
 9.89374755e-01  3.45817804e-02 -1.41215063e-01  1.75705127e+03   0.00000000e+00  9.71299696e-01  2.37858994e-01  1.11855958e+02   1.45387735e-01 -2.35331684e-01  9.60979399e-01  1.79744267e+03
 9.86521252e-01  3.87194428e-02 -1.58986238e-01  1.75383219e+03   0.00000000e+00  9.71601441e-01  2.36623414e-01  1.12050628e+02   1.63633185e-01 -2.33434027e-01  9.58505470e-01  1.80033556e+03
 9.83250582e-01  4.28730075e-02 -1.77144570e-01  1.75035115e+03   0.00000000e+00  9.71939396e-01  2.35231399e-01  1.12212338e+02   1.82258864e-01 -2.31291410e-01  9.55659976e-01  1.80318863e+03
 9.79546810e-01  4.70224696e-02 -1.95644918e-01  1.74662310e+03   0.00000000e+00  9.72310911e-01  2.33691019e-01  1.12342377e+02   2.01216417e-01 -2.28911293e-01  9.52424051e-01  1.80600081e+03
 9.75396676e-01  5.11483235e-02 -2.14441539e-01  1.74266299e+03   0.00000000e+00  9.72713318e-01  2.32010345e-01  1.12442033e+02   2.20457081e-01 -2.26302119e-01  9.48781337e-01  1.80877104e+03
 9.70789741e-01  5.52316926e-02 -2.33488198e-01  1.73848577e+03   0.00000000e+00  9.73143944e-01  2.30197447e-01  1.12512596e+02   2.39931821e-01 -2.23473320e-01  9.44718157e-01  1.81149825e+03
 9.65718524e-01  5.92544534e-02 -2.52738289e-01  1.73410638e+03   0.00000000e+00  9.73600118e-01  2.28260400e-01  1.12555355e+02   2.59591473e-01 -2.20435296e-01  9.40223669e-01  1.81418137e+03
 9.60178607e-01  6.31993528e-02 -2.72144969e-01  1.72953976e+03   0.00000000e+00  9.74079188e-01  2.26207284e-01  1.12571599e+02   2.79386905e-01 -2.17199395e-01  9.35289998e-01  1.81681935e+03
 9.54168728e-01  6.70501183e-02 -2.91661311e-01  1.72480088e+03   0.00000000e+00  9.74578527e-01  2.24046190e-01  1.12562617e+02   2.99269175e-01 -2.13777868e-01  9.29912353e-01  1.81941111e+03
 9.47690841e-01  7.07915593e-02 -3.11240461e-01  1.71990468e+03   0.00000000e+00  9.75095542e-01  2.21785219e-01  1.12529697e+02   3.19189708e-01 -2.10183821e-01  9.24089115e-01  1.82195559e+03
 9.40750164e-01  7.44096596e-02 -3.30835808e-01  1.71486610e+03   0.00000000e+00  9.75627687e-01  2.19432487e-01  1.12474129e+02   3.39100470e-01 -2.06431148e-01  9.17821906e-01  1.82445172e+03
 9.33355195e-01  7.78916584e-02 -3.50401154e-01  1.70970010e+03   0.00000000e+00  9.76172465e-01  2.16996124e-01  1.12397202e+02   3.58954147e-01 -2.02534459e-01  9.11115642e-01  1.82689844e+03
 9.25517714e-01  8.12261215e-02 -3.69890901e-01  1.70442162e+03   0.00000000e+00  9.76727442e-01  2.14484275e-01  1.12300205e+02   3.78704319e-01 -1.98508996e-01  9.03978549e-01  1.82929469e+03
 9.17252755e-01  8.44029994e-02 -3.89260219e-01  1.69904560e+03   0.00000000e+00  9.77290247e-01  2.11905106e-01  1.12184426e+02   3.98305642e-01 -1.94370542e-01  8.96422171e-01  1.83163940e+03
 9.08578562e-01  8.74136745e-02 -4.08465232e-01  1.69358701e+03   0.00000000e+00  9.77858582e-01  2.09266800e-01  1.12051155e+02   4.17714012e-01 -1.90135328e-01  8.88461345e-01  1.83393150e+03
 8.99516526e-01  9.02509945e-02 -4.27463188e-01  1.68806078e+03   0.00000000e+00  9.78430229e-01  2.06577557e-01  1.11901681e+02   4.36886734e-01 -1.85819927e-01  8.80114161e-01  1.83616992e+03
 8.90091094e-01  9.29092934e-02 -4.46212627e-01  1.68248186e+03   0.00000000e+00  9.79003049e-01  2.03845602e-01  1.11737292e+02   4.55782673e-01 -1.81441155e-01  8.71401895e-01  1.83835361e+03
 8.80329664e-01  9.53843996e-02 -4.64673540e-01  1.67686521e+03   0.00000000e+00  9.79574992e-01  2.01079176e-01  1.11559278e+02   4.74362396e-01 -1.77015963e-01  8.62348924e-01  1.84048150e+03
 8.70262469e-01  9.76736308e-02 -4.82807516e-01  1.67122577e+03   0.00000000e+00  9.80144095e-01  1.98286541e-01  1.11368928e+02   4.92588302e-01 -1.72561335e-01  8.52982620e-01  1.84255252e+03
 8.59922431e-01  9.97757766e-02 -5.00577873e-01  1.66557848e+03   0.00000000e+00  9.80708489e-01  1.95475981e-01  1.11167531e+02   5.10424738e-01 -1.68094181e-01  8.43333228e-01  1.84456561e+03
 8.49345014e-01  1.01691069e-01 -5.17949780e-01  1.65993830e+03   0.00000000e+00  9.81266398e-01  1.92655799e-01  1.10956375e+02   5.27838089e-01 -1.63631242e-01  8.33433722e-01  1.84651969e+03
 8.38568054e-01  1.03421139e-01 -5.34890351e-01  1.65432018e+03   0.00000000e+00  9.81816140e-01  1.89834315e-01  1.10736750e+02   5.44796860e-01 -1.59188992e-01  8.23319650e-01  1.84841372e+03
 8.27631586e-01  1.04968967e-01 -5.51368728e-01  1.64873905e+03   0.00000000e+00  9.82356131e-01  1.87019871e-01  1.10509944e+02   5.61271733e-01 -1.54783552e-01  8.13028962e-01  1.85024661e+03
 8.16577653e-01  1.06338818e-01 -5.67356142e-01  1.64320988e+03   0.00000000e+00  9.82884880e-01  1.84220825e-01  1.10277248e+02   5.77235599e-01 -1.50430609e-01  8.02601828e-01  1.85201732e+03
 8.05450117e-01  1.07536170e-01 -5.82825944e-01  1.63774761e+03   0.00000000e+00  9.83400992e-01  1.81445554e-01  1.10039949e+02   5.92663572e-01 -1.46145343e-01  7.92080444e-01  1.85372476e+03
 7.94294454e-01  1.08567631e-01 -5.97753619e-01  1.63236718e+03   0.00000000e+00  9.83903163e-01  1.78702448e-01  1.09799336e+02   6.07532979e-01 -1.41942364e-01  7.81508826e-01  1.85536787e+03
 7.83157554e-01  1.09440852e-01 -6.12116774e-01  1.62708355e+03   0.00000000e+00  9.84390182e-01  1.75999916e-01  1.09556700e+02   6.21823324e-01 -1.37835663e-01  7.70932607e-01  1.85694560e+03
 7.72087510e-01  1.10164436e-01 -6.25895099e-01  1.62191165e+03   0.00000000e+00  9.84860921e-01  1.73346376e-01  1.09313327e+02   6.35516229e-01 -1.33838572e-01  7.60398816e-01  1.85845687e+03
 7.61133412e-01  1.10747828e-01 -6.39070300e-01  1.61686645e+03   0.00000000e+00  9.85314339e-01  1.70750264e-01  1.09070509e+02   6.48595351e-01 -1.29963731e-01  7.49955665e-01  1.85990062e+03
 7.50345139e-01  1.11201219e-01 -6.51626013e-01  1.61196289e+03   0.00000000e+00  9.85749473e-01  1.68220024e-01  1.08829533e+02   6.61046271e-01 -1.26223077e-01  7.39652326e-01  1.86127579e+03
 7.39773154e-01  1.11535435e-01 -6.63547682e-01  1.60721592e+03   0.00000000e+00  9.86165432e-01  1.65764110e-01  1.08591689e+02   6.72856359e-01 -1.22627838e-01  7.29538713e-01  1.86258130e+03
 7.29468297e-01  1.11761823e-01 -6.74822420e-01  1.60264048e+03   0.00000000e+00  9.86561395e-01  1.63390985e-01  1.08358265e+02   6.84014622e-01 -1.19188543e-01  7.19665261e-01  1.86381610e+03
 7.19481586e-01  1.11892139e-01 -6.85438835e-01  1.59825152e+03   0.00000000e+00  9.86936600e-01  1.61109119e-01  1.08130551e+02   6.94511517e-01 -1.15915045e-01  7.10082710e-01  1.86497911e+03
 7.09864020e-01  1.11938437e-01 -6.95386841e-01  1.59406399e+03   0.00000000e+00  9.87290338e-01  1.58926990e-01  1.07909836e+02   7.04338749e-01 -1.12816552e-01  7.00841889e-01  1.86606928e+03
 7.00666389e-01  1.11912951e-01 -7.04657437e-01  1.59009284e+03   0.00000000e+00  9.87621948e-01  1.56853077e-01  1.07697408e+02   7.13489041e-01 -1.09901679e-01  6.91993504e-01  1.86708553e+03
 6.91939080e-01  1.11827980e-01 -7.13242464e-01  1.58635302e+03   0.00000000e+00  9.87930803e-01  1.54895862e-01  1.07494557e+02   7.21955891e-01 -1.07178501e-01  6.83587931e-01  1.86802681e+03
 6.83731899e-01  1.11695775e-01 -7.21134345e-01  1.58285947e+03   0.00000000e+00  9.88216304e-01  1.53063831e-01  1.07302571e+02   7.29733301e-01 -1.04654624e-01  6.75675010e-01  1.86889204e+03
 6.76093883e-01  1.11528421e-01 -7.28325801e-01  1.57962715e+03   0.00000000e+00  9.88477868e-01  1.51365468e-01  1.07122740e+02   7.36815486e-01 -1.02337267e-01  6.68303840e-01  1.86968017e+03
 6.69073126e-01  1.11337725e-01 -7.34809542e-01  1.57667100e+03   0.00000000e+00  9.88714917e-01  1.49809254e-01  1.06956353e+02   7.43196577e-01 -1.00233346e-01  6.61522581e-01  1.87039012e+03
 6.62716597e-01  1.11135099e-01 -7.40577951e-01  1.57400596e+03   0.00000000e+00  9.88926868e-01  1.48403669e-01  1.06804698e+02   7.48870291e-01 -9.83495745e-02  6.55378249e-01  1.87102084e+03
 6.57069960e-01  1.10931443e-01 -7.45622748e-01  1.57164700e+03   0.00000000e+00  9.89113119e-01  1.47157187e-01  1.06669065e+02   7.53829601e-01 -9.66925668e-02  6.49916518e-01  1.87157125e+03
 6.52177394e-01  1.10737030e-01 -7.49934635e-01  1.56960905e+03   0.00000000e+00  9.89273035e-01  1.46078275e-01  1.06550742e+02   7.58066386e-01 -9.52689485e-02  6.45181510e-01  1.87204029e+03
 6.48081404e-01  1.10561378e-01 -7.53502937e-01  1.56790706e+03   0.00000000e+00  9.89405936e-01  1.45175392e-01  1.06451019e+02   7.61571070e-01 -9.40854717e-02  6.41215588e-01  1.87242689e+03
 6.44822620e-01  1.10413135e-01 -7.56315231e-01  1.56655598e+03   0.00000000e+00  9.89511081e-01  1.44456988e-01  1.06371184e+02   7.64332251e-01 -9.31491333e-02  6.38059127e-01  1.87273000e+03
 6.42439593e-01  1.10299937e-01 -7.58356969e-01  1.56557077e+03   0.00000000e+00  9.89587653e-01  1.43931500e-01  1.06312527e+02   7.66336329e-01 -9.24672943e-02  6.35750290e-01  1.87294854e+03
 6.40968573e-01  1.10228282e-01 -7.59611094e-01  1.56496636e+03   0.00000000e+00  9.89634745e-01  1.43607352e-01  1.06276336e+02   7.67567123e-01 -9.20477992e-02  6.34324770e-01  1.87308145e+03
