 3.97145568e-01  3.96321693e-02 -9.16899498e-01  1.55258621e+03   0.00000000e+00  9.99067145e-01  4.31837931e-02  1.06455590e+02   9.17755631e-01 -1.71502521e-02  3.96775089e-01  1.86644046e+03
 3.96785379e-01  3.97424298e-02 -9.17050654e-01  1.55253162e+03   0.00000000e+00  9.99062263e-01  4.32965853e-02  1.06420015e+02   9.17911413e-01 -1.71794520e-02  3.96413299e-01  1.86613973e+03
 3.95814885e-01  4.00379237e-02 -9.17457106e-01  1.55237231e+03   0.00000000e+00  9.99049129e-01  4.35986081e-02  1.06316190e+02   9.18330320e-01 -1.72569780e-02  3.95438516e-01  1.86526255e+03
 3.94254608e-01  4.05129552e-02 -9.18107839e-01  1.55211365e+03   0.00000000e+00  9.99027842e-01  4.40836778e-02  1.06148631e+02   9.19001254e-01 -1.73801931e-02  3.93871330e-01  1.86382756e+03
 3.92124640e-01  4.11620248e-02 -9.18990726e-01  1.55176097e+03   0.00000000e+00  9.98998414e-01  4.47456066e-02  1.05921856e+02   9.19912097e-01 -1.75458549e-02  3.91731893e-01  1.86185339e+03
 3.89444708e-01  4.19797966e-02 -9.20092667e-01  1.55131963e+03   0.00000000e+00  9.98960774e-01  4.55782027e-02  1.05640379e+02   9.21049846e-01 -1.77501898e-02  3.89039987e-01  1.85935867e+03
 3.86234241e-01  4.29610636e-02 -9.21399728e-01  1.55079498e+03   0.00000000e+00  9.98914783e-01  4.65752705e-02  1.05308718e+02   9.22400732e-01 -1.79889643e-02  3.85815093e-01  1.85636202e+03
 3.82512435e-01  4.41007146e-02 -9.22897266e-01  1.55019236e+03   0.00000000e+00  9.98860245e-01  4.77306112e-02  1.04931388e+02   9.23950343e-01 -1.82575523e-02  3.82076464e-01  1.85288208e+03
 3.78298313e-01  4.53937000e-02 -9.24570061e-01  1.54951711e+03   0.00000000e+00  9.98796912e-01  4.90380224e-02  1.04512906e+02   9.25683740e-01 -1.85510011e-02  3.77843187e-01  1.84893748e+03
 3.73610790e-01  4.68349996e-02 -9.26402429e-01  1.54877460e+03   0.00000000e+00  9.98724501e-01  5.04912985e-02  1.04057789e+02   9.27585564e-01 -1.88640939e-02  3.73134249e-01  1.84454685e+03
 3.68468726e-01  4.84195918e-02 -9.28378340e-01  1.54797015e+03   0.00000000e+00  9.98642695e-01  5.20842308e-02  1.03570552e+02   9.29640144e-01 -1.91914101e-02  3.67968601e-01  1.83972882e+03
 3.62890985e-01  5.01424245e-02 -9.30481526e-01  1.54710913e+03   0.00000000e+00  9.98551160e-01  5.38106075e-02  1.03055713e+02   9.31831601e-01 -1.95273843e-02  3.62365214e-01  1.83450202e+03
 3.56896482e-01  5.19983882e-02 -9.32695593e-01  1.54619688e+03   0.00000000e+00  9.98449546e-01  5.56642141e-02  1.02517786e+02   9.34143940e-01 -1.98663622e-02  3.56343131e-01  1.82888508e+03
 3.50504234e-01  5.39822917e-02 -9.35004115e-01  1.54523874e+03   0.00000000e+00  9.98337501e-01  5.76388332e-02  1.01961290e+02   9.36561147e-01 -2.02026550e-02  3.49921521e-01  1.82289662e+03
 3.43733396e-01  5.60888404e-02 -9.37390737e-01  1.54424007e+03   0.00000000e+00  9.98214675e-01  5.97282450e-02  1.01390739e+02   9.39067278e-01 -2.05305925e-02  3.43119720e-01  1.81655529e+03
 3.36603305e-01  5.83126182e-02 -9.39839270e-01  1.54320621e+03   0.00000000e+00  9.98080729e-01  6.19262275e-02  1.00810650e+02   9.41646545e-01 -2.08445729e-02  3.35957272e-01  1.80987970e+03
 3.29133512e-01  6.06480711e-02 -9.42333775e-01  1.54214251e+03   0.00000000e+00  9.97935343e-01  6.42265568e-02  1.00225540e+02   9.44283396e-01 -2.11391122e-02  3.28453964e-01  1.80288850e+03
 3.21343808e-01  6.30894957e-02 -9.44858652e-01  1.54105432e+03   0.00000000e+00  9.97778219e-01  6.66230071e-02  9.96399251e+01   9.46962596e-01 -2.14088908e-02  3.20629852e-01  1.79560031e+03
 3.13254252e-01  6.56310294e-02 -9.47398724e-01  1.53994698e+03   0.00000000e+00  9.97609091e-01  6.91093516e-02  9.90583212e+01   9.49669297e-01 -2.16487982e-02  3.12505289e-01  1.78803376e+03
 3.04885188e-01  6.82666445e-02 -9.49939307e-01  1.53882585e+03   0.00000000e+00  9.97427726e-01  7.16793625e-02  9.84852448e+01   9.52389113e-01 -2.18539759e-02  3.04100940e-01  1.78020748e+03
 2.96257262e-01  7.09901459e-02 -9.52466290e-01  1.53769626e+03   0.00000000e+00  9.97233937e-01  7.43268118e-02  9.79252123e+01   9.55108180e-01 -2.20198577e-02  2.95437795e-01  1.77214010e+03
 2.87391428e-01  7.37951711e-02 -9.54966198e-01  1.53656357e+03   0.00000000e+00  9.97027580e-01  7.70454714e-02  9.73827400e+01   9.57813221e-01 -2.21422080e-02  2.86537180e-01  1.76385025e+03
 2.78308960e-01  7.66751938e-02 -9.57426257e-01  1.53543312e+03   0.00000000e+00  9.96808564e-01  7.98291140e-02  9.68623442e+01   9.60491605e-01 -2.22171577e-02  2.77420755e-01  1.75535657e+03
 2.69031448e-01  7.96235301e-02 -9.59834451e-01  1.53431027e+03   0.00000000e+00  9.96576851e-01  8.26715137e-02  9.63685413e+01   9.63131393e-01 -2.22412370e-02  2.68110513e-01  1.74667768e+03
 2.59580799e-01  8.26333477e-02 -9.62179577e-01  1.53320035e+03   0.00000000e+00  9.96332466e-01  8.55664462e-02  9.59058474e+01   9.65721393e-01 -2.22114065e-02  2.58628778e-01  1.73783221e+03
 2.49979230e-01  8.56976771e-02 -9.64451291e-01  1.53210873e+03   0.00000000e+00  9.96075494e-01  8.85076901e-02  9.54787791e+01   9.68251199e-01 -2.21250842e-02  2.48998185e-01  1.72883879e+03
 2.40249258e-01  8.88094260e-02 -9.66640150e-01  1.53104073e+03   0.00000000e+00  9.95806085e-01  9.14890270e-02  9.50918525e+01   9.70711231e-01 -2.19801709e-02  2.39241673e-01  1.71971605e+03
 2.30413688e-01  9.19613946e-02 -9.68737650e-01  1.53000172e+03   0.00000000e+00  9.95524459e-01  9.45042423e-02  9.47495841e+01   9.73092766e-01 -2.17750710e-02  2.29382462e-01  1.71048263e+03
 2.20495596e-01  9.51462934e-02 -9.70736254e-01  1.52899704e+03   0.00000000e+00  9.95230907e-01  9.75471262e-02  9.44564900e+01   9.75387970e-01 -2.15087118e-02  2.19444032e-01  1.70115716e+03
 2.10518312e-01  9.83567624e-02 -9.72629420e-01  1.52803204e+03   0.00000000e+00  9.94925792e-01  1.00611474e-01  9.42170868e+01   9.77589914e-01 -2.11805577e-02  2.09450098e-01  1.69175825e+03
 2.00505397e-01  1.01585391e-01 -9.74411614e-01  1.52711206e+03   0.00000000e+00  9.94609551e-01  1.03691088e-01  9.40358906e+01   9.79692598e-01 -2.07906227e-02  1.99424583e-01  1.68230455e+03
 1.90480626e-01  1.04824739e-01 -9.76078330e-01  1.52624245e+03   0.00000000e+00  9.94282696e-01  1.06779774e-01  9.39174178e+01   9.81690955e-01 -2.03394783e-02  1.89391590e-01  1.67281469e+03
 1.80467958e-01  1.08067358e-01 -9.77626085e-01  1.52542857e+03   0.00000000e+00  9.93945817e-01  1.09871350e-01  9.38661847e+01   9.83580864e-01 -1.98282582e-02  1.79375372e-01  1.66330729e+03
 1.70491515e-01  1.11305813e-01 -9.79052429e-01  1.52467575e+03   0.00000000e+00  9.93599577e-01  1.12959639e-01  9.38867076e+01   9.85359144e-01 -1.92586600e-02  1.69400298e-01  1.65380098e+03
 1.60575558e-01  1.14532704e-01 -9.80355930e-01  1.52398934e+03   0.00000000e+00  9.93244720e-01  1.16038472e-01  9.39835030e+01   9.87023551e-01 -1.86329423e-02  1.59490825e-01  1.64431440e+03
 1.50744455e-01  1.17740687e-01 -9.81536163e-01  1.52337470e+03   0.00000000e+00  9.92882061e-01  1.19101690e-01  9.41610870e+01   9.88572764e-01 -1.79539193e-02  1.49671465e-01  1.63486617e+03
 1.41022662e-01  1.20922491e-01 -9.82593690e-01  1.52283717e+03   0.00000000e+00  9.92512495e-01  1.22143145e-01  9.44239760e+01   9.90006368e-01 -1.72249514e-02  1.39966754e-01  1.62547493e+03
 1.31434694e-01  1.24070942e-01 -9.83530031e-01  1.52238210e+03   0.00000000e+00  9.92136987e-01  1.25156697e-01  9.47766863e+01   9.91324831e-01 -1.64499322e-02  1.30401221e-01  1.61615931e+03
 1.22005103e-01  1.27178973e-01 -9.84347634e-01  1.52201483e+03   0.00000000e+00  9.91756578e-01  1.28136218e-01  9.52237343e+01   9.92529473e-01 -1.56332725e-02  1.20999364e-01  1.60693793e+03
 1.12758454e-01  1.30239645e-01 -9.85049829e-01  1.52174071e+03   0.00000000e+00  9.91372377e-01  1.31075589e-01  9.57696362e+01   9.93622429e-01 -1.47798808e-02  1.11785616e-01  1.59782943e+03
 1.03719301e-01  1.33246158e-01 -9.85640791e-01  1.52156509e+03   0.00000000e+00  9.90985563e-01  1.33968704e-01  9.64189085e+01   9.94606609e-01 -1.38951403e-02  1.02784330e-01  1.58885244e+03
 9.49121709e-02  1.36191860e-01 -9.86125477e-01  1.52149332e+03   0.00000000e+00  9.90597380e-01  1.36809466e-01  9.71760673e+01   9.95485650e-01 -1.29848834e-02  9.40197479e-02  1.58002558e+03
 8.63615434e-02  1.39070257e-01 -9.86509578e-01  1.52153075e+03   0.00000000e+00  9.90209135e-01  1.39591791e-01  9.80456291e+01   9.96263863e-01 -1.20553625e-02  8.55159892e-02  1.57136749e+03
 7.80918355e-02  1.41875016e-01 -9.86799445e-01  1.52168272e+03   0.00000000e+00  9.89822194e-01  1.42309605e-01  9.90321101e+01   9.96946170e-01 -1.11132183e-02  7.72970320e-02  1.56289679e+03
 7.01273888e-02  1.44599967e-01 -9.87002026e-01  1.52195458e+03   0.00000000e+00  9.89437978e-01  1.44956845e-01  1.00140027e+02   9.97538044e-01 -1.01654450e-02  6.93867019e-02  1.55463213e+03
 6.24924583e-02  1.47239105e-01 -9.87124784e-01  1.52235167e+03   0.00000000e+00  9.89057961e-01  1.47527457e-01  1.01373895e+02   9.98045436e-01 -9.21935347e-03  6.18086634e-02  1.54659212e+03
 5.52112046e-02  1.49786582e-01 -9.87175619e-01  1.52287935e+03   0.00000000e+00  9.88683660e-01  1.50015401e-01  1.02738232e+02   9.98474698e-01 -8.28253097e-03  5.45864158e-02  1.53879540e+03
 4.83076885e-02  1.52236698e-01 -9.87162780e-01  1.52354297e+03   0.00000000e+00  9.88316638e-01  1.52414641e-01  1.04237553e+02   9.98832502e-01 -7.36279902e-03  4.77432923e-02  1.53126060e+03
 4.18058687e-02  1.54583893e-01 -9.87094772e-01  1.52434786e+03   0.00000000e+00  9.87958492e-01  1.54719156e-01  1.05876375e+02   9.99125753e-01 -6.46816870e-03  4.13024630e-02  1.52400635e+03
 3.57296014e-02  1.56822731e-01 -9.86980256e-01  1.52529939e+03   0.00000000e+00  9.87610852e-01  1.56922927e-01  1.07659215e+02   9.99361494e-01 -5.60679363e-03  3.52869421e-02  1.51705127e+03
 3.01026432e-02  1.58947881e-01 -9.86827950e-01  1.52640288e+03   0.00000000e+00  9.87275370e-01  1.59019946e-01  1.09590587e+02   9.99546813e-01 -4.78692071e-03  2.97195982e-02  1.51041401e+03
 1.77321418e-03  1.71558517e-01 -9.85172336e-01  1.52701075e+03   0.00000000e+00  9.85173885e-01  1.71558786e-01  1.10673760e+02   9.99998428e-01 -3.04210473e-04  1.74692430e-03  1.50705917e+03
-1.73003270e-02  1.84090495e-01 -9.82757034e-01  1.52761630e+03   0.00000000e+00  9.82904138e-01  1.84118050e-01  1.11849101e+02   9.99850338e-01  3.18530248e-03 -1.70045630e-02  1.50367470e+03
-2.74953815e-02  1.96593274e-01 -9.80099530e-01  1.52822084e+03   0.00000000e+00  9.80470216e-01  1.96667628e-01  1.13112047e+02   9.99621931e-01  5.40745146e-03 -2.69584026e-02  1.50026293e+03
-2.91984279e-02  2.09088476e-01 -9.77460721e-01  1.52882567e+03   0.00000000e+00  9.77877654e-01  2.09177662e-01  1.14458039e+02   9.99573635e-01  6.10765888e-03 -2.85524902e-02  1.49682620e+03
-2.27932326e-02  2.21561013e-01 -9.74880088e-01  1.52943209e+03   0.00000000e+00  9.75133427e-01  2.21618589e-01  1.15882513e+02   9.99740201e-01  5.05140406e-03 -2.22264430e-02  1.49336684e+03
-8.65944665e-03  2.33952418e-01 -9.72209484e-01  1.53004143e+03   0.00000000e+00  9.72245937e-01  2.33961190e-01  1.17380909e+02   9.99962506e-01  2.02597444e-03 -8.41911182e-03  1.48988717e+03
 1.28212032e-02  2.46156388e-01 -9.69145319e-01  1.53065498e+03   0.00000000e+00  9.69224984e-01  2.46176623e-01  1.18948665e+02   9.99917805e-01 -3.15628050e-03  1.24266305e-02  1.48638953e+03
 4.12535884e-02  2.58016635e-01 -9.65259321e-01  1.53127405e+03   0.00000000e+00  9.66081739e-01  2.58236469e-01  1.20581220e+02   9.99148708e-01 -1.06531810e-02  3.98543384e-02  1.48287626e+03
 7.62148764e-02  2.69327117e-01 -9.60028227e-01  1.53189995e+03   0.00000000e+00  9.62828695e-01  2.70112763e-01  1.22274012e+02   9.97091416e-01 -2.05866108e-02  7.33818699e-02  1.47934968e+03
 1.17239150e-01  2.79834797e-01 -9.52862775e-01  1.53253398e+03   0.00000000e+00  9.59479623e-01  2.81778020e-01  1.24022479e+02   9.93103711e-01 -3.30354155e-02  1.12488575e-01  1.47581212e+03
 1.63802618e-01  2.89244979e-01 -9.43136281e-01  1.53317746e+03   0.00000000e+00  9.56049514e-01  2.93205263e-01  1.25822060e+02   9.86493133e-01 -4.80277899e-02  1.56603414e-01  1.47226593e+03
 2.15310884e-01  2.97229258e-01 -9.30212874e-01  1.53383168e+03   0.00000000e+00  9.52554511e-01  3.04368041e-01  1.27668194e+02   9.76545556e-01 -6.55337519e-02  2.05095353e-01  1.46871342e+03
 2.71089511e-01  3.03435987e-01 -9.13475275e-01  1.53449796e+03   0.00000000e+00  9.49011837e-01  3.15240436e-01  1.29556320e+02   9.62554143e-01 -8.54583754e-02  2.57267155e-01  1.46515693e+03
 3.30378932e-01  3.07503038e-01 -8.92351748e-01  1.53517760e+03   0.00000000e+00  9.45439722e-01  3.25797072e-01  1.31481874e+02   9.43848378e-01 -1.07636489e-01  3.12353366e-01  1.46159880e+03
 3.92334465e-01  3.09072462e-01 -8.66341665e-01  1.53587191e+03   0.00000000e+00  9.41857309e-01  3.36013110e-01  1.33440297e+02   9.19822628e-01 -1.31829524e-01  3.69523084e-01  1.45804136e+03
 4.56031921e-01  3.07806522e-01 -8.35038940e-01  1.53658220e+03   0.00000000e+00  9.38284566e-01  3.45864240e-01  1.35427027e+02   8.89963419e-01 -1.57725134e-01  4.27887713e-01  1.45448693e+03
 5.20478990e-01  3.03404366e-01 -7.98152499e-01  1.53730976e+03   0.00000000e+00  9.34742191e-01  3.55326661e-01  1.37437501e+02   8.53874476e-01 -1.84940062e-01  4.86513672e-01  1.45093785e+03
 5.84632218e-01  2.95618538e-01 -7.55522898e-01  1.53805592e+03   0.00000000e+00  9.31251503e-01  3.64377054e-01  1.39467159e+02   8.11298447e-01 -2.13026565e-01  5.44439632e-01  1.44739645e+03
 6.47419064e-01  2.84270382e-01 -7.07134290e-01  1.53882197e+03   0.00000000e+00  9.27834338e-01  3.72992550e-01  1.41511439e+02   7.62134211e-01 -2.41482488e-01  6.00697639e-01  1.44386506e+03
 7.07764165e-01  2.69263439e-01 -6.53121035e-01  1.53960923e+03   0.00000000e+00  9.24512929e-01  3.81150685e-01  1.43565780e+02   7.06448785e-01 -2.69764797e-01  6.54337121e-01  1.44034602e+03
 7.64618650e-01  2.50593902e-01 -5.93768487e-01  1.54041900e+03   0.00000000e+00  9.21309793e-01  3.88829353e-01  1.45625620e+02   6.44482987e-01 -2.97306175e-01  7.04450650e-01  1.43684166e+03
 8.16991092e-01  2.28357402e-01 -5.29507746e-01  1.54125258e+03   0.00000000e+00  9.18247604e-01  3.96006741e-01  1.47686397e+02   5.76650289e-01 -3.23533979e-01  7.50200112e-01  1.43335430e+03
 8.63978526e-01  2.02751486e-01 -4.60904481e-01  1.54211129e+03   0.00000000e+00  9.15349061e-01  4.02661267e-01  1.49743551e+02   5.03528655e-01 -3.47890688e-01  7.90841933e-01  1.42988629e+03
 9.04795906e-01  1.74073496e-01 -3.88642234e-01  1.54299643e+03   0.00000000e+00  9.12636760e-01  4.08771506e-01  1.51792519e+02   4.25845475e-01 -3.69854786e-01  8.25750004e-01  1.42643994e+03
 9.38802396e-01  1.42713744e-01 -3.13500955e-01  1.54390930e+03   0.00000000e+00  9.10133048e-01  4.14316105e-01  1.53828740e+02   3.44456182e-01 -3.88960952e-01  8.54435086e-01  1.42301761e+03
 9.65523085e-01  1.09144257e-01 -2.36331764e-01  1.54485122e+03   0.00000000e+00  9.07859883e-01  4.19273698e-01  1.55847652e+02   2.60317444e-01 -4.04818434e-01  8.76559675e-01  1.41962161e+03
 9.84664934e-01  7.39036274e-02 -1.58029178e-01  1.54582349e+03   0.00000000e+00  9.05838681e-01  4.23622809e-01  1.57844695e+02   1.74456204e-01 -4.17126525e-01  8.91947585e-01  1.41625427e+03
 9.96126120e-01  3.75787577e-02 -7.95021424e-02  1.54682742e+03   0.00000000e+00  9.04090163e-01  4.27341756e-01  1.59815306e+02   8.79360772e-02 -4.25686286e-01  9.00587826e-01  1.41291794e+03
 9.99998339e-01  7.84537485e-04 -1.64529808e-03  1.54786431e+03   0.00000000e+00  9.02634191e-01  4.30408547e-01  1.61754924e+02   1.82277394e-03 -4.30407832e-01  9.02632691e-01  1.40961494e+03
 9.96562053e-01 -3.58574203e-02  7.46881563e-02  1.54893548e+03   0.00000000e+00  9.01489598e-01  4.32800768e-01  1.63658988e+02  -8.28497150e-02 -4.31312822e-01  8.98390324e-01  1.40634760e+03
 9.86275071e-01 -7.17397743e-02  1.48710754e-01  1.55004222e+03   0.00000000e+00  9.00674013e-01  4.34495479e-01  1.65522936e+02  -1.65110519e-01 -4.28532060e-01  8.88312327e-01  1.40311826e+03
 9.69755259e-01 -1.06289023e-01  2.19721146e-01  1.55118585e+03   0.00000000e+00  9.00203679e-01  4.35469100e-01  1.67342206e+02  -2.44079369e-01 -4.22298450e-01  8.72977251e-01  1.39992924e+03
 9.47758449e-01 -1.38982605e-01  2.87119763e-01  1.55236767e+03   0.00000000e+00  9.00093252e-01  4.35697300e-01  1.69112238e+02  -3.18988907e-01 -4.12935797e-01  8.53070985e-01  1.39678289e+03
 9.21152891e-01 -1.69362680e-01  3.50419226e-01  1.55358899e+03   0.00000000e+00  9.00355609e-01  4.35154889e-01  1.70828468e+02  -3.89200914e-01 -4.00844184e-01  8.29365172e-01  1.39368153e+03
 8.90891658e-01 -1.97045979e-01  4.09249234e-01  1.55485112e+03   0.00000000e+00  9.01001625e-01  4.33815711e-01  1.72486337e+02  -4.54215867e-01 -3.86482798e-01  8.02694832e-01  1.39062749e+03
 8.57984469e-01 -2.21729393e-01  4.63355940e-01  1.55615536e+03   0.00000000e+00  9.02039954e-01  4.31652547e-01  1.74081283e+02  -5.13675628e-01 -3.70351181e-01  7.73936271e-01  1.38762310e+03
 8.23470286e-01 -2.43191240e-01  5.12596048e-01  1.55750302e+03   0.00000000e+00  9.03476789e-01  4.28637016e-01  1.75608743e+02  -5.67359399e-01 -3.52969846e-01  7.43986290e-01  1.38467070e+03
 7.88391857e-01 -2.61288428e-01  5.56926060e-01  1.55889540e+03   0.00000000e+00  9.05315614e-01  4.24739495e-01  1.77064157e+02  -6.15173373e-01 -3.34861160e-01  7.13743458e-01  1.38177263e+03
 7.53773127e-01 -2.75949969e-01  5.96387196e-01  1.56033382e+03   0.00000000e+00  9.07556937e-01  4.19929050e-01  1.78442963e+02  -6.57134745e-01 -3.16531233e-01  6.84092030e-01  1.37893120e+03
 7.20600104e-01 -2.87167487e-01  6.31086623e-01  1.56181958e+03   0.00000000e+00  9.10198010e-01  4.14173373e-01  1.79740600e+02  -6.93350915e-01 -2.98453375e-01  6.55888780e-01  1.37614875e+03
 6.89805441e-01 -2.94983530e-01  6.61175598e-01  1.56335399e+03   0.00000000e+00  9.13232537e-01  4.07438748e-01  1.80952506e+02  -7.23994789e-01 -2.81053465e-01  6.29952772e-01  1.37342762e+03
 6.62256600e-01 -2.99478597e-01  6.86825135e-01  1.56493835e+03   0.00000000e+00  9.16650356e-01  3.99690036e-01  1.82074119e+02  -7.49277115e-01 -2.64697364e-01  6.07057749e-01  1.37077014e+03
 6.38747121e-01 -3.00757828e-01  7.08199721e-01  1.56657397e+03   0.00000000e+00  9.20437114e-01  3.90890675e-01  1.83100878e+02  -7.69416737e-01 -2.49680293e-01  5.87926556e-01  1.36817864e+03
 6.19990142e-01 -2.98938396e-01  7.25429569e-01  1.56826216e+03   0.00000000e+00  9.24573915e-01  3.81002725e-01  1.84028221e+02  -7.84609600e-01 -2.36217934e-01  5.73226713e-01  1.36565544e+03
 6.06613025e-01 -2.94138597e-01  7.38581833e-01  1.57000422e+03   0.00000000e+00  9.29036958e-01  3.69986933e-01  1.84851588e+02  -7.94997257e-01 -2.24438893e-01  5.63565919e-01  1.36320289e+03
 5.99151599e-01 -2.86469692e-01  7.47631244e-01  1.57180147e+03   0.00000000e+00  9.33797155e-01  3.57802841e-01  1.85566416e+02  -8.00635598e-01 -2.14378144e-01  5.59486059e-01  1.36082331e+03
 5.98042312e-01 -2.76031547e-01  7.52430713e-01  1.57365520e+03   0.00000000e+00  9.38819729e-01  3.44408938e-01  1.86168144e+02  -8.01464530e-01 -2.05971117e-01  5.61453922e-01  1.35851904e+03
 6.03610347e-01 -2.62913155e-01  7.52682684e-01  1.57556673e+03   0.00000000e+00  9.44063800e-01  3.29762856e-01  1.86652211e+02  -7.97279467e-01 -1.99048272e-01  5.69846678e-01  1.35629240e+03
 6.16051611e-01 -2.47199114e-01  7.47912436e-01  1.57753736e+03   0.00000000e+00  9.49481957e-01  3.13821628e-01  1.87014054e+02  -7.87705791e-01 -1.93330319e-01  5.84929889e-01  1.35414574e+03
 6.35406469e-01 -2.28983155e-01  7.37445140e-01  1.57956840e+03   0.00000000e+00  9.55019815e-01  2.96541992e-01  1.87249113e+02  -7.72177842e-01 -1.88424700e-01  6.06825768e-01  1.35208138e+03
 6.39496557e-01 -2.25470727e-01  7.34987826e-01  1.58216957e+03  -1.97347112e-05  9.56022241e-01  2.93294178e-01  1.87344022e+02  -7.68793960e-01 -1.87575122e-01  6.11368482e-01  1.34963760e+03
 6.43873647e-01 -2.21668244e-01  7.32318180e-01  1.58488733e+03  -7.78571255e-05  9.57094736e-01  2.89775189e-01  1.87215169e+02  -7.65131832e-01 -1.86635624e-01  6.16230820e-01  1.34729167e+03
 6.48518372e-01 -2.17595854e-01  7.29435374e-01  1.58771812e+03  -1.72766345e-04  9.58229484e-01  2.86000395e-01  1.86871473e+02  -7.61198983e-01 -1.85602533e-01  6.21391832e-01  1.34504178e+03
 6.53411321e-01 -2.13273816e-01  7.26338713e-01  1.59065837e+03  -3.02873297e-04  9.59418699e-01  2.81985228e-01  1.86321848e+02  -7.57003008e-01 -1.84472329e-01  6.26830444e-01  1.34288612e+03
 6.58533078e-01 -2.08722469e-01  7.23027742e-01  1.59370451e+03  -4.66580596e-04  9.60654670e-01  2.77745184e-01  1.85575210e+02  -7.52551638e-01 -1.83241742e-01  6.32525491e-01  1.34082289e+03
 6.63864269e-01 -2.03962216e-01  7.19502360e-01  1.59685297e+03  -6.62263928e-04  9.61929808e-01  2.73295822e-01  1.84640475e+02  -7.47852789e-01 -1.81907832e-01  6.38455752e-01  1.33885028e+03
 6.69385604e-01 -1.99013494e-01  7.15762909e-01  1.60010018e+03  -8.88254964e-04  9.63236681e-01  2.68652762e-01  1.83526558e+02  -7.42914614e-01 -1.80468071e-01  6.44599994e-01  1.33696650e+03
 6.75077917e-01 -1.93896741e-01  7.11810270e-01  1.60344259e+03  -1.14282588e-03  9.64568058e-01  2.63831680e-01  1.82242377e+02  -7.37745552e-01 -1.78920416e-01  6.50937005e-01  1.33516972e+03
 6.80922205e-01 -1.88632370e-01  7.07645942e-01  1.60687660e+03  -1.42417543e-03  9.65916936e-01  2.58848306e-01  1.80796845e+02  -7.32354369e-01 -1.77263371e-01  6.57445644e-01  1.33345816e+03
 6.86899673e-01 -1.83240728e-01  7.03272120e-01  1.61039867e+03  -1.73041673e-03  9.67276575e-01  2.53718414e-01  1.79198880e+02  -7.26750194e-01 -1.75496049e-01  6.64104880e-01  1.33182999e+03
 6.92991767e-01 -1.77742063e-01  6.98691756e-01  1.61400522e+03  -2.05956648e-03  9.68640528e-01  2.48457816e-01  1.77457396e+02  -7.20942556e-01 -1.73618223e-01  6.70893839e-01  1.33028343e+03
 6.99180214e-01 -1.72156479e-01  6.93908621e-01  1.61769269e+03  -2.40953602e-03  9.70002661e-01  2.43082357e-01  1.75581310e+02  -7.14941412e-01 -1.71630372e-01  6.77791851e-01  1.32881665e+03
 7.05447059e-01 -1.66503902e-01  6.88927353e-01  1.62145750e+03  -2.77812374e-03  9.71357179e-01  2.37607898e-01  1.73579537e+02  -7.08757172e-01 -1.69533718e-01  6.84778497e-01  1.32742786e+03
 7.11774698e-01 -1.60804031e-01  6.83753496e-01  1.62529609e+03  -3.16300924e-03  9.72698642e-01  2.32050313e-01  1.71460994e+02  -7.02400723e-01 -1.67330260e-01  6.91833657e-01  1.32611526e+03
 7.18145911e-01 -1.55076298e-01  6.78393538e-01  1.62920488e+03  -3.56174891e-03  9.74021981e-01  2.26425473e-01  1.69234596e+02  -6.95883442e-01 -1.65022795e-01  6.98937559e-01  1.32487702e+03
 7.24543895e-01 -1.49339822e-01  6.72854933e-01  1.63318032e+03  -3.97177300e-03  9.75322510e-01  2.20749238e-01  1.66909258e+02  -6.89217214e-01 -1.62614940e-01  7.06070827e-01  1.32371136e+03
 7.30952296e-01 -1.43613370e-01  6.67146117e-01  1.63721884e+03  -4.39038418e-03  9.76595936e-01  2.15037443e-01  1.64493897e+02  -6.82414438e-01 -1.60111140e-01  7.13214524e-01  1.32261647e+03
 7.37355230e-01 -1.37915309e-01  6.61276517e-01  1.64131686e+03  -4.81475741e-03  9.77838363e-01  2.09305885e-01  1.61997428e+02  -6.75488033e-01 -1.57516675e-01  7.20350202e-01  1.32159053e+03
 7.43737314e-01 -1.32263568e-01  6.55256557e-01  1.64547081e+03  -5.24194117e-03  9.79046296e-01  2.03570315e-01  1.59428768e+02  -6.68451441e-01 -1.54837656e-01  7.27459945e-01  1.32063175e+03
 7.50083688e-01 -1.26675599e-01  6.49097646e-01  1.64967714e+03  -5.66885985e-03  9.80216637e-01  1.97846425e-01  1.56796831e+02  -6.61318626e-01 -1.52081020e-01  7.34526404e-01  1.31973832e+03
 7.56380033e-01 -1.21168335e-01  6.42812166e-01  1.65393226e+03  -6.09231737e-03  9.81346689e-01  1.92149835e-01  1.54110534e+02  -6.54104067e-01 -1.49254514e-01  7.41532845e-01  1.31890843e+03
 7.62612590e-01 -1.15758164e-01  6.36413455e-01  1.65823262e+03  -6.50900183e-03  9.82434142e-01  1.86496086e-01  1.51378793e+02  -6.46822751e-01 -1.46366680e-01  7.48463175e-01  1.31814028e+03
 7.68768174e-01 -1.10460890e-01  6.29915777e-01  1.66257465e+03  -6.91549116e-03  9.83477065e-01  1.80900631e-01  1.48610523e+02  -6.39490164e-01 -1.43426825e-01  7.55301977e-01  1.31743206e+03
 7.74834188e-01 -1.05291714e-01  6.23334289e-01  1.66695477e+03  -7.30825966e-03  9.84473899e-01  1.75378822e-01  1.45814640e+02  -6.32122275e-01 -1.40444996e-01  7.62034535e-01  1.31678198e+03
 7.80798625e-01 -1.00265208e-01  6.16685005e-01  1.67136942e+03  -7.68368530e-03  9.85423436e-01  1.69945913e-01  1.43000060e+02  -6.24735519e-01 -1.37431949e-01  7.68646857e-01  1.31618821e+03
 7.86650076e-01 -9.53952978e-02  6.09984750e-01  1.67581503e+03  -8.03805781e-03  9.86324804e-01  1.64617045e-01  1.40175698e+02  -6.17346781e-01 -1.34399104e-01  7.75125689e-01  1.31564896e+03
 7.92377731e-01 -9.06952550e-02  6.03251110e-01  1.68028804e+03  -8.36758732e-03  9.87177447e-01  1.59407249e-01  1.37350471e+02  -6.09973372e-01 -1.31358511e-01  7.81458525e-01  1.31516242e+03
 7.97971373e-01 -8.61776885e-02  5.96502383e-01  1.68478487e+03  -8.66841354e-03  9.87981105e-01  1.54331443e-01  1.34533294e+02  -6.02633011e-01 -1.28322803e-01  7.87633616e-01  1.31472679e+03
 8.03421374e-01 -8.18545461e-02  5.89757517e-01  1.68930195e+03  -8.93661538e-03  9.88735785e-01  1.49404432e-01  1.31733083e+02  -5.95343793e-01 -1.25305150e-01  7.93639961e-01  1.31434026e+03
 8.08718680e-01 -7.77371217e-02  5.83036050e-01  1.69383573e+03  -9.16822090e-03  9.89441737e-01  1.44640909e-01  1.28958753e+02  -5.88124170e-01 -1.22319208e-01  7.99467305e-01  1.31400103e+03
 8.13854798e-01 -7.38360689e-02  5.76358051e-01  1.69838263e+03  -9.35921760e-03  9.90099426e-01  1.40055463e-01  1.26219222e+02  -5.80992920e-01 -1.19379071e-01  8.05106120e-01  1.31370729e+03
 8.18821773e-01 -7.01614219e-02  5.69744047e-01  1.70293908e+03  -9.50556283e-03  9.90709497e-01  1.35662583e-01  1.23523403e+02  -5.73969118e-01 -1.16499214e-01  8.10547584e-01  1.31345723e+03
 8.23612169e-01 -6.67226227e-02  5.63214956e-01  1.70750151e+03  -9.60319440e-03  9.91272750e-01  1.31476667e-01  1.20880214e+02  -5.67072106e-01 -1.13694446e-01  8.15783549e-01  1.31324905e+03
 8.28219034e-01 -6.35285565e-02  5.56792021e-01  1.71206636e+03  -9.64804126e-03  9.91790097e-01  1.27512037e-01  1.18298569e+02  -5.60321468e-01 -1.10979848e-01  8.20806510e-01  1.31308095e+03
 8.32635871e-01 -6.05875929e-02  5.50496730e-01  1.71663006e+03  -9.63603429e-03  9.92262531e-01  1.23782944e-01  1.15787386e+02  -5.53736989e-01 -1.08370725e-01  8.25609552e-01  1.31295112e+03
 8.36856600e-01 -5.79076355e-02  5.44350748e-01  1.72118904e+03  -9.56311703e-03  9.92691086e-01  1.20303593e-01  1.13355579e+02  -5.47338632e-01 -1.05882546e-01  8.30186309e-01  1.31285775e+03
 8.40875512e-01 -5.54961774e-02  5.38375842e-01  1.72573973e+03  -9.42525648e-03  9.93076799e-01  1.17088154e-01  1.11012064e+02  -5.41146503e-01 -1.03530892e-01  8.34530896e-01  1.31279904e+03
 8.44687229e-01 -5.33603647e-02  5.32593802e-01  1.73027857e+03  -9.21845400e-03  9.93420666e-01  1.14150783e-01  1.08765757e+02  -5.35180816e-01 -1.01331400e-01  8.38637849e-01  1.31277318e+03
 8.48286645e-01 -5.15070657e-02  5.27026365e-01  1.73480198e+03  -8.93875609e-03  9.93723598e-01  1.11505644e-01  1.06625573e+02  -5.29461865e-01 -9.92997085e-02  8.42502048e-01  1.31277837e+03
 8.51668879e-01 -4.99429476e-02  5.21695144e-01  1.73930641e+03  -8.58226548e-03  9.93986381e-01  1.09166932e-01  1.04600430e+02  -5.24009986e-01 -9.74514046e-02  8.46118643e-01  1.31281281e+03
 8.54829207e-01 -4.86745585e-02  5.16621539e-01  1.74378827e+03  -8.14515217e-03  9.94209621e-01  1.07148897e-01  1.02699242e+02  -5.18845530e-01 -9.58019679e-02  8.49482960e-01  1.31287468e+03
 8.57763003e-01 -4.77084159e-02  5.11826668e-01  1.74824400e+03  -7.62366489e-03  9.94393699e-01  1.05465872e-01  1.00930925e+02  -5.13988823e-01 -9.43667181e-02  8.52590413e-01  1.31296218e+03
 8.60465670e-01 -4.70511010e-02  5.07331277e-01  1.75267004e+03  -7.01414279e-03  9.94538721e-01  1.04132296e-01  9.93043947e+01  -5.09460139e-01 -9.31607601e-02  8.55436403e-01  1.31307351e+03
 8.62932565e-01 -4.67093574e-02  5.03155666e-01  1.75706282e+03  -6.31302769e-03  9.94644456e-01  1.03162747e-01  9.78285674e+01  -5.05279659e-01 -9.21989293e-02  8.58016214e-01  1.31320686e+03
 8.65158926e-01 -4.66901947e-02  4.99319596e-01  1.76141876e+03  -5.51687693e-03  9.94710287e-01  1.02571965e-01  9.65123586e+01  -5.01467444e-01 -9.14957362e-02  8.60324900e-01  1.31336043e+03
 8.67139788e-01 -4.70009970e-02  4.95842207e-01  1.76573430e+03  -4.62237703e-03  9.94735149e-01  1.02374889e-01  9.53646842e+01  -4.98043393e-01 -9.10653090e-02  8.62357170e-01  1.31353240e+03
 8.68869903e-01 -4.76496338e-02  4.92741925e-01  1.77000588e+03  -3.62635845e-03  9.94717459e-01  1.02586676e-01  9.43944598e+01  -4.95027213e-01 -9.09213343e-02  8.64107267e-01  1.31372099e+03
 8.70343647e-01 -4.86445743e-02  4.90036367e-01  1.77422991e+03  -2.52581151e-03  9.94655059e-01  1.03222739e-01  9.36106014e+01  -4.92438377e-01 -9.10769946e-02  8.65568845e-01  1.31392437e+03
 8.71554937e-01 -4.99950042e-02  4.87742238e-01  1.77840285e+03  -1.31790390e-03  9.94545137e-01  1.04298767e-01  9.30220245e+01  -4.90296089e-01 -9.15449025e-02  8.66734836e-01  1.31414075e+03
 8.72497129e-01 -5.17109429e-02  4.85875230e-01  1.78252111e+03   0.00000000e+00  9.94384157e-01  1.05830755e-01  9.26376452e+01  -4.88619239e-01 -9.23370297e-02  8.67597321e-01  1.31436832e+03
 8.73182281e-01 -5.40888074e-02  4.84383222e-01  1.78691567e+03   1.59376078e-03  9.94134686e-01  1.08137346e-01  9.24435691e+01  -4.87391182e-01 -9.36516231e-02  8.68146997e-01  1.31468290e+03
 8.73522943e-01 -5.71293284e-02  4.83418978e-01  1.79147592e+03   3.42507429e-03  9.93786066e-01  1.11254320e-01  9.24445466e+01  -4.86770929e-01 -9.55274548e-02  8.68290601e-01  1.31513277e+03
 8.73532399e-01 -6.08045838e-02  4.82953362e-01  1.79619138e+03   5.48110184e-03  9.93333182e-01  1.15148366e-01  9.26326973e+01  -4.86735149e-01 -9.79387122e-02  8.68041994e-01  1.31571211e+03
 8.73222659e-01 -6.50884529e-02  4.82955154e-01  1.80105156e+03   7.74860390e-03  9.92769421e-01  1.19786628e-01  9.30001408e+01  -4.87259834e-01 -1.00858169e-01  8.67413099e-01  1.31641506e+03
 8.72604646e-01 -6.99562857e-02  4.83391404e-01  1.80604597e+03   1.02140010e-02  9.92086951e-01  1.25136552e-01  9.35389966e+01  -4.88320392e-01 -1.04257376e-01  8.66414216e-01  1.31723578e+03
 8.71688381e-01 -7.53845820e-02  4.84227768e-01  1.81116411e+03   1.28634301e-02  9.91276993e-01  1.31165752e-01  9.42413845e+01  -4.89891721e-01 -1.08106832e-01  8.65054342e-01  1.31816845e+03
 8.70483158e-01 -8.13506824e-02  4.85428819e-01  1.81639550e+03   1.56827969e-02  9.90330080e-01  1.37841872e-01  9.50994240e+01  -4.91948292e-01 -1.12376147e-01  8.63341462e-01  1.31920721e+03
 8.68997714e-01 -8.78324742e-02  4.86958344e-01  1.82172965e+03   1.86578266e-02  9.89236298e-01  1.45132461e-01  9.61052346e+01  -4.94464213e-01 -1.17034193e-01  8.61282845e-01  1.32034623e+03
 8.67240392e-01 -9.48081167e-02  4.88779626e-01  1.82715607e+03   2.17741119e-02  9.87985527e-01  1.53004859e-01  9.72509361e+01  -4.97413299e-01 -1.22049252e-01  8.58885318e-01  1.32157966e+03
 8.65219289e-01 -1.02255785e-01  4.90855719e-01  1.83266428e+03   2.50171607e-02  9.86567665e-01  1.61426093e-01  9.85286480e+01  -5.00769133e-01 -1.27389153e-01  8.56155523e-01  1.32290167e+03
 8.62942399e-01 -1.10153437e-01  4.93149710e-01  1.83824377e+03   2.83724430e-02  9.84972854e-01  1.70362792e-01  9.99304899e+01  -5.04505125e-01 -1.33021414e-01  8.53100160e-01  1.32430642e+03
 8.60417751e-01 -1.18478604e-01  4.95624974e-01  1.84388406e+03   3.18254375e-02  9.83191687e-01  1.79781109e-01  1.01448581e+02  -5.08594569e-01 -1.38913376e-01  8.49726214e-01  1.32578807e+03
 8.57653528e-01 -1.27208206e-01  4.98245419e-01  1.84957467e+03   3.53616787e-02  9.81215416e-01  1.89646669e-01  1.03075042e+02  -5.13010699e-01 -1.45032340e-01  8.46041159e-01  1.32734077e+03
 8.54658185e-01 -1.36318390e-01  5.00975731e-01  1.85530510e+03   3.89668039e-02  9.79036145e-01  1.99924521e-01  1.04801992e+02  -5.17726737e-01 -1.51345705e-01  8.42053148e-01  1.32895869e+03
 8.51440551e-01 -1.45784399e-01  5.03781597e-01  1.86106486e+03   4.26266008e-02  9.76647024e-01  2.10579116e-01  1.06621550e+02  -5.22715947e-01 -1.57821101e-01  8.37771173e-01  1.33063598e+03
 8.48009919e-01 -1.55580467e-01  5.06629939e-01  1.86684347e+03   4.63270548e-02  9.74042420e-01  2.21574296e-01  1.08525836e+02  -5.27951684e-01 -1.64426528e-01  8.33205219e-01  1.33236681e+03
 8.44376139e-01 -1.65679732e-01  5.09489120e-01  1.87263044e+03   5.00543969e-02  9.71218092e-01  2.32873303e-01  1.10506970e+02  -5.33407437e-01 -1.71130490e-01  8.28366381e-01  1.33414534e+03
 8.40549679e-01 -1.76054187e-01  5.12329153e-01  1.87841526e+03   5.37951507e-02  9.68171346e-01  2.44438799e-01  1.12557071e+02  -5.39056879e-01 -1.77902130e-01  8.23266975e-01  1.33596572e+03
 8.36541697e-01 -1.86674651e-01  5.15121892e-01  1.88418747e+03   5.75361792e-02  9.64901180e-01  2.56232903e-01  1.14668258e+02  -5.44873909e-01 -1.84711362e-01  8.17920617e-01  1.33782212e+03
 8.32364090e-01 -1.97510758e-01  5.17841213e-01  1.88993656e+03   6.12647300e-02  9.61408416e-01  2.68217246e-01  1.16832653e+02  -5.50832691e-01 -1.91529002e-01  8.12342285e-01  1.33970869e+03
 8.28029536e-01 -2.08530982e-01  5.20463176e-01  1.89565205e+03   6.49684801e-02  9.57695816e-01  2.80353029e-01  1.19042373e+02  -5.56907698e-01 -1.98326887e-01  8.06548363e-01  1.34161960e+03
 8.23551526e-01 -2.19702668e-01  5.22966176e-01  1.90132344e+03   6.86355773e-02  9.53768186e-01  2.92601104e-01  1.21289539e+02  -5.63073744e-01 -2.05078000e-01  8.00556664e-01  1.34354901e+03
 8.18944389e-01 -2.30992098e-01  5.25331075e-01  1.90694026e+03   7.22546798e-02  9.49632457e-01  3.04922051e-01  1.23566270e+02  -5.69306024e-01 -2.11756574e-01  7.94386433e-01  1.34549107e+03
 8.14223304e-01 -2.42364563e-01  5.27541307e-01  1.91249200e+03   7.58149932e-02  9.45297757e-01  3.17276279e-01  1.25864686e+02  -5.75580141e-01 -2.18338200e-01  7.88058330e-01  1.34743995e+03
 8.09404303e-01 -2.53784453e-01  5.29582974e-01  1.91796819e+03   7.93063025e-02  9.40775452e-01  3.29624118e-01  1.28176907e+02  -5.81872138e-01 -2.24799912e-01  7.81594406e-01  1.34938981e+03
 8.04504271e-01 -2.65215362e-01  5.31444907e-01  1.92335832e+03   8.27190011e-02  9.36079180e-01  3.41925921e-01  1.30495052e+02  -5.88158520e-01 -2.31120272e-01  7.75018048e-01  1.35133480e+03
 7.99540930e-01 -2.76620203e-01  5.33118715e-01  1.92865191e+03   8.60441143e-02  9.31224857e-01  3.54142168e-01  1.32811240e+02  -5.94416278e-01 -2.37279431e-01  7.68353929e-01  1.35326908e+03
 7.94532820e-01 -2.87961322e-01  5.34598798e-01  1.93383848e+03   8.92733180e-02  9.26230666e-01  3.66233569e-01  1.35117592e+02  -6.00622903e-01 -2.43259182e-01  7.61627926e-01  1.35518682e+03
 7.89499273e-01 -2.99200628e-01  5.35882340e-01  1.93890753e+03   9.23989508e-02  9.21117023e-01  3.78161161e-01  1.37406226e+02  -6.06756403e-01 -2.49042995e-01  7.54867044e-01  1.35708218e+03
 7.84460376e-01 -3.10299718e-01  5.36969276e-01  1.94384857e+03   9.54140209e-02  9.15906524e-01  3.89886399e-01  1.39669263e+02  -6.12795302e-01 -2.54616034e-01  7.48099320e-01  1.35894931e+03
 7.79436936e-01 -3.21219998e-01  5.37862228e-01  1.94865112e+03   9.83122049e-02  9.10623869e-01  4.01371248e-01  1.41898823e+02  -6.18718655e-01 -2.59965154e-01  7.41353725e-01  1.36078238e+03
 7.74450428e-01 -3.31922804e-01  5.38566418e-01  1.95330468e+03   1.01087841e-01  9.05295773e-01  4.12578249e-01  1.44087024e+02  -6.24506031e-01 -2.65078885e-01  7.34660059e-01  1.36257554e+03
 7.69522951e-01 -3.42369515e-01  5.39089551e-01  1.95779876e+03   1.03735911e-01  8.99950844e-01  4.23470589e-01  1.46225986e+02  -6.30137516e-01 -2.69947391e-01  7.28048842e-01  1.36432296e+03
 7.64677166e-01 -3.52521657e-01  5.39441669e-01  1.96212288e+03   1.06252023e-01  8.94619453e-01  4.34012146e-01  1.48307829e+02  -6.35593691e-01 -2.74562409e-01  7.21551206e-01  1.36601879e+03
 7.59936241e-01 -3.62340991e-01  5.39634983e-01  1.96626654e+03   1.08632373e-01  8.89333581e-01  4.44167523e-01  1.50324673e+02  -6.40855613e-01 -2.78917169e-01  7.15198781e-01  1.36765720e+03
 7.55323789e-01 -3.71789593e-01  5.39683679e-01  1.97021927e+03   1.10873711e-01  8.84126651e-01  4.53902065e-01  1.52268636e+02  -6.45904788e-01 -2.83006295e-01  7.09023584e-01  1.36923235e+03
 7.50863794e-01 -3.80829914e-01  5.39603687e-01  1.97397055e+03   1.12973291e-01  8.79033336e-01  4.63181854e-01  1.54131840e+02  -6.50723135e-01 -2.86825680e-01  7.03057915e-01  1.37073839e+03
 7.46580553e-01 -3.89424827e-01  5.39412442e-01  1.97750992e+03   1.14928815e-01  8.74089358e-01  4.71973687e-01  1.55906403e+02  -6.55292946e-01 -2.90372343e-01  6.97334250e-01  1.37216948e+03
 7.42498593e-01 -3.97537651e-01  5.39128607e-01  1.98082687e+03   1.16738367e-01  8.69331271e-01  4.80245037e-01  1.57584445e+02  -6.59596841e-01 -2.93644271e-01  6.91885142e-01  1.37351979e+03
 7.38642605e-01 -4.05132163e-01  5.38771782e-01  1.98391093e+03   1.18400342e-01  8.64796222e-01  4.87963987e-01  1.59158085e+02  -6.63617707e-01 -2.96640228e-01  6.86743121e-01  1.37478347e+03
 7.35037362e-01 -4.12172585e-01  5.38362179e-01  1.98675159e+03   1.19913362e-01  8.60521712e-01  4.95099151e-01  1.60619444e+02  -6.67338641e-01 -2.99359555e-01  6.81940610e-01  1.37595469e+03
 7.31707644e-01 -4.18623562e-01  5.37920288e-01  1.98933837e+03   1.21276188e-01  8.56545326e-01  5.01619567e-01  1.61960640e+02  -6.70742879e-01 -3.01801950e-01  6.77509833e-01  1.37702760e+03
 7.28678152e-01 -4.24450113e-01  5.37466513e-01  1.99166079e+03   1.22487620e-01  8.52904467e-01  5.07494584e-01  1.63173793e+02  -6.73813723e-01 -3.03967222e-01  6.73482735e-01  1.37799637e+03
 7.25973426e-01 -4.29617576e-01  5.37020786e-01  1.99370834e+03   1.23546396e-01  8.49636061e-01  5.12693720e-01  1.64251024e+02  -6.76534458e-01 -3.05855034e-01  6.69890905e-01  1.37885515e+03
 7.23617757e-01 -4.34091533e-01  5.36602165e-01  1.99547055e+03   1.24451073e-01  8.46776266e-01  5.17186510e-01  1.65184451e+02  -6.78888262e-01 -3.07464627e-01  6.66765499e-01  1.37959811e+03
 7.21635096e-01 -4.37837733e-01  5.36228410e-01  1.99693692e+03   1.25199912e-01  8.44360149e-01  5.20942340e-01  1.65966195e+02  -6.80858113e-01 -3.08794526e-01  6.64137162e-01  1.38021940e+03
 7.20048957e-01 -4.40822001e-01  5.35915537e-01  1.99809697e+03   1.25790749e-01  8.42421365e-01  5.23930274e-01  1.66588374e+02  -6.82426690e-01 -3.09842230e-01  6.62035955e-01  1.38071319e+03
 7.18882318e-01 -4.43010150e-01  5.35677348e-01  1.99894019e+03   1.26220866e-01  8.40991813e-01  5.26118869e-01  1.67043108e+02  -6.83576262e-01 -3.10603893e-01  6.60491268e-01  1.38107363e+03
 7.18157509e-01 -4.44367892e-01  5.35524947e-01  1.99945611e+03   1.26486849e-01  8.40101276e-01  5.27475993e-01  1.67322518e+02  -6.84288586e-01 -3.11073982e-01  6.59531734e-01  1.38129488e+03
